"probs" "" ""
0 0.0698517085338235 0.104989756338011
0.001 0.252516244632168 0.301507617901186
0.002 0.276164915235852 0.325801811142489
0.003 0.289885499126815 0.341791489583533
0.004 0.300889482614228 0.353055536916266
0.005 0.309738592192844 0.362528886954659
0.006 0.317831258626045 0.370037383316144
0.007 0.324628954433027 0.376886215026403
0.008 0.330275264382329 0.382923882987781
0.009 0.335200880146962 0.387921497134724
0.01 0.340046667236603 0.392779149010655
0.011 0.344531876510915 0.397186891070827
0.012 0.348449209770784 0.401043227848654
0.013 0.352259501109056 0.404759365605145
0.014 0.355693041340375 0.408321922872401
0.015 0.359008893652661 0.411771342838695
0.016 0.362045100941663 0.415048598897205
0.017 0.365075968600474 0.41806274453712
0.018 0.367815849399236 0.420952174488547
0.019 0.37047835346854 0.423557505880943
0.02 0.373046848785237 0.426235705496934
0.021 0.375398964892809 0.428748796104186
0.022 0.377818238886739 0.431081605076954
0.023 0.380218733760738 0.433328433229814
0.024 0.382491208592576 0.435585991076709
0.025 0.384619727459161 0.43777525365822
0.026 0.386716564956547 0.439890476991275
0.027 0.388751976758319 0.441948320123995
0.028 0.390730261592118 0.443961410121212
0.029 0.392658019999753 0.445892840532737
0.03 0.394471833829846 0.447713898870358
0.031 0.396271634441859 0.449562837709441
0.032 0.398056017549146 0.451347011219214
0.033 0.39978009995549 0.452991600179853
0.034 0.401457430313131 0.454689358853968
0.035 0.403113982451161 0.456360909103484
0.036 0.404798149261836 0.457995270760048
0.037 0.406360976348526 0.459571984884617
0.038 0.407913683011305 0.461179879149097
0.039 0.409446491777013 0.462705844613806
0.04 0.410822167633198 0.464184163237694
0.041 0.412200310450596 0.465712491249333
0.042 0.413664744127849 0.467121514456289
0.043 0.41504459710432 0.468548479704006
0.044 0.416405402122062 0.469981139415283
0.045 0.417738457123174 0.471326405277634
0.046 0.419039132907655 0.47264005470295
0.047 0.420344289652042 0.47401935636328
0.048 0.421585235241928 0.475219447967678
0.049 0.422853380518202 0.476499355288977
0.05 0.424108517657289 0.477626061081838
0.051 0.42528403003387 0.478797911919071
0.052 0.426474184382912 0.479925379789257
0.053 0.427673970659545 0.481077734723888
0.054 0.428817310376489 0.482219541651643
0.055 0.429941438867702 0.48337573449079
0.056 0.431052668157567 0.484540457407536
0.057 0.432142000032039 0.485660080026402
0.058 0.433267321741908 0.486755015301357
0.059 0.434284163367546 0.487768908762483
0.06 0.435348607695892 0.488883215985146
0.061 0.436367880316044 0.489943452156155
0.062 0.437343281224561 0.490970386578336
0.063 0.438443671637617 0.491996321510258
0.064 0.439457216522656 0.493019782428338
0.065 0.440388005918255 0.494015809564005
0.066 0.441408860811771 0.495009095906882
0.067 0.4423855691477 0.495986986816471
0.068 0.443281951667004 0.496929723342603
0.069 0.444265417962854 0.497883728969898
0.07 0.445197940365174 0.498824292334403
0.071 0.446185659465035 0.49972429866418
0.072 0.447120056301574 0.500640558337078
0.073 0.448068576282093 0.501515291284628
0.074 0.448924524477446 0.502396812547286
0.075 0.44979210899829 0.503310910074937
0.076 0.450669201038734 0.504175007176762
0.077 0.451503523420162 0.505049059456541
0.078 0.452375534915617 0.505889656657937
0.079 0.453223806464234 0.506755043715029
0.08 0.454088984848360 0.50762633943954
0.081 0.454979660120314 0.508479022034827
0.082 0.455791081073172 0.509320269438531
0.083 0.45661666497871 0.510104039306475
0.084 0.457419817265991 0.510894546316841
0.085 0.458249123491077 0.511657133611687
0.086 0.459064185483749 0.512487978005018
0.087 0.459883761895724 0.51325374654559
0.088 0.46071583262066 0.51402485690523
0.089 0.461482331715537 0.51479224910609
0.09 0.462260894661442 0.515565081626203
0.091 0.463022126388109 0.516374806186888
0.092 0.463805664719653 0.51714543921131
0.093 0.464533459456905 0.5179041797359
0.094 0.465291054799762 0.518651685280435
0.095 0.466028615089978 0.51938860650717
0.096 0.466766372246814 0.520111885674253
0.097 0.467504424249386 0.52084506626439
0.098 0.468242635324477 0.521552882783372
0.099 0.468959447607324 0.522283085392104
0.1 0.469652646952506 0.522990103475456
0.101 0.470379960820893 0.523680259039921
0.102 0.471044570887889 0.524367116747031
0.103 0.471778563889878 0.525061455617767
0.104 0.472466636887148 0.525776285008532
0.105 0.473149611902388 0.526491335455304
0.106 0.473841398192415 0.527205019031329
0.107 0.474523265094688 0.527850730645039
0.108 0.475188758204047 0.528519830720973
0.109 0.475906048033228 0.529206378774742
0.11 0.476585210993976 0.529863285018325
0.111 0.477274907074282 0.530484164199728
0.112 0.477934900525731 0.531135170018693
0.113 0.478581246278971 0.531785523812591
0.114 0.479293078427188 0.532441564349864
0.115 0.479918742560164 0.533059690165452
0.116 0.480566902021011 0.533706589998575
0.117 0.481207952446015 0.534312553403299
0.118 0.481849547920713 0.534935955024935
0.119 0.482515972866352 0.535619956651319
0.12 0.483160945575073 0.536247910413626
0.121 0.483775647767425 0.536870041753568
0.122 0.484398463427612 0.537490089689824
0.123 0.485009591491046 0.538084355056749
0.124 0.485622218442451 0.538699508338514
0.125 0.486209783900315 0.539297668359101
0.126 0.486820432715405 0.539877578012502
0.127 0.487470848643472 0.540428819774947
0.128 0.488094688241851 0.541036004055829
0.129 0.488715799945759 0.541626321750426
0.13 0.489293618548459 0.542226147613009
0.131 0.489877023723344 0.542793878486397
0.132 0.490453303753553 0.543381353016925
0.133 0.491003076397924 0.543930757864482
0.134 0.491593902741796 0.544515886298113
0.135 0.492177380461750 0.545088247208713
0.136 0.492770658031367 0.545672749032451
0.137 0.493374421541633 0.546230112454206
0.138 0.493952323209745 0.546811003164894
0.139 0.494487886495675 0.547369231023728
0.14 0.495051364214053 0.547925467874044
0.141 0.495604609696883 0.548445240397163
0.142 0.496184206636213 0.549008302792958
0.143 0.496739945693491 0.549552674496575
0.144 0.497317435460552 0.550065910437079
0.145 0.497856830048913 0.550587110560967
0.146 0.49841002724957 0.551142434215063
0.147 0.498958195977952 0.551645495782218
0.148 0.499473444885379 0.552186324730473
0.149 0.500009415796839 0.552725901205537
0.15 0.500541961624214 0.553256600947612
0.151 0.501070173796476 0.553792299816629
0.152 0.501614471203347 0.554299582554212
0.153 0.502162908642044 0.554824444284455
0.154 0.502694140379353 0.555362100775891
0.155 0.503224365551572 0.555883824657194
0.156 0.503713863384714 0.556400329547383
0.157 0.504251148505314 0.556935479215442
0.158 0.504733288441034 0.557436418103693
0.159 0.505228132943018 0.557933826131196
0.16 0.505745471122757 0.558430225511001
0.161 0.506261018148924 0.55892356930586
0.162 0.506779498636456 0.559430020089047
0.163 0.507287708287253 0.559973375384672
0.164 0.507775684772662 0.560491602531079
0.165 0.508258369905448 0.560961388266418
0.166 0.508788690463896 0.561450603171504
0.167 0.509291954131233 0.561924834443498
0.168 0.50979780737747 0.56244607607033
0.169 0.510299498973652 0.562940227380881
0.17 0.510772514917033 0.56341222572947
0.171 0.51125717755446 0.563885637838121
0.172 0.511767020532882 0.564366772767052
0.173 0.512246324168948 0.564842276111058
0.174 0.512719287928008 0.565312793654208
0.175 0.5131970608948 0.56577897556382
0.176 0.513675710362572 0.566236860115801
0.177 0.514168110190368 0.566716097561725
0.178 0.514630499266351 0.567162928509337
0.179 0.515141375067683 0.56760532217354
0.18 0.515631823944416 0.568066240252911
0.181 0.51609752902267 0.568537703196723
0.182 0.516573571736907 0.569015214954778
0.183 0.517026464543277 0.569481003627643
0.184 0.517462483146882 0.569930563975001
0.185 0.51792356499854 0.570359824536942
0.186 0.518394306502672 0.570797835990668
0.187 0.518843059119734 0.571258826657503
0.188 0.519323264364372 0.571714350308921
0.189 0.519780519913658 0.572180561526147
0.19 0.520249486249004 0.5726182519357
0.191 0.520688624820681 0.573074396825145
0.192 0.52113391694737 0.573494015138455
0.193 0.521589043711697 0.573921312790643
0.194 0.522035461918054 0.574372508758659
0.195 0.522498891313993 0.574794411500694
0.196 0.522958078026377 0.575224770824274
0.197 0.523371242737874 0.575671661624131
0.198 0.523832537509069 0.576091544525967
0.199 0.524271481346861 0.57653602037688
0.2 0.524701917001875 0.57695505987507
0.201 0.52513753540527 0.57740776221377
0.202 0.525554932368239 0.577834461603594
0.203 0.526003103502808 0.578282779503545
0.204 0.526445055858679 0.57869089557267
0.205 0.526889906663316 0.579118538255939
0.206 0.527334412991546 0.579552042668726
0.207 0.527765387262664 0.579968947887734
0.208 0.528176960744277 0.580391632805242
0.209 0.528590155996714 0.580799703281503
0.21 0.529022435779451 0.581216548169295
0.211 0.529449593460648 0.581636677191726
0.212 0.529868535618104 0.582026944833965
0.213 0.530278630820245 0.582462417876641
0.214 0.530706391668987 0.582864606385561
0.215 0.531119511535381 0.58328641196649
0.216 0.531551110477698 0.583715143337071
0.217 0.531941428831614 0.584116318808422
0.218 0.532363175210696 0.584519390809698
0.219 0.532757420467282 0.584921918989256
0.22 0.533163918806761 0.585322691203951
0.221 0.533577880939225 0.585706516033589
0.222 0.533971967272323 0.586126679512302
0.223 0.534374022321293 0.586537705309084
0.224 0.534767847233315 0.586940381687363
0.225 0.53517269025463 0.587314683876741
0.226 0.535571587363111 0.587698424650967
0.227 0.535982891600828 0.588081842322464
0.228 0.536382406658401 0.58848719183389
0.229 0.536769097380581 0.588897092073574
0.23 0.537176137947321 0.589283082833315
0.231 0.537582335859349 0.589654622913368
0.232 0.537989143831605 0.590044478344289
0.233 0.538379390231734 0.590429896162128
0.234 0.538773109095331 0.590829332410864
0.235 0.539188443383353 0.59122571741022
0.236 0.539599789705472 0.591619188740872
0.237 0.539999360655439 0.592034196074416
0.238 0.540401791108832 0.592411546057976
0.239 0.540811095969504 0.59279393132949
0.24 0.541216370237985 0.593177643312352
0.241 0.54161862929809 0.593566352521815
0.242 0.541993007568858 0.593944355352333
0.243 0.54239073012495 0.594340346793179
0.244 0.542777786981516 0.594709243431722
0.245 0.543174123825482 0.595102931679204
0.246 0.543558402636321 0.595487722748611
0.247 0.543949292879902 0.595863336815253
0.248 0.544343223631608 0.596231628576718
0.249 0.544732682901989 0.59662954571435
0.25 0.545099672899762 0.59697806543293
0.251 0.545494546697018 0.597361386613146
0.252 0.545875145976086 0.597728611452469
0.253 0.546252690745991 0.598081078121402
0.254 0.546632652191086 0.598455018976222
0.255 0.54699153832366 0.598825332777324
0.256 0.547373295273624 0.599181206096903
0.257 0.547759055223347 0.599553563877574
0.258 0.548128604038521 0.599942112783723
0.259 0.548513029078081 0.600314172559006
0.26 0.548877252530302 0.600665135397753
0.261 0.549253828213139 0.601032598698686
0.262 0.549627683517924 0.601391209042249
0.263 0.550010684018118 0.601769896088943
0.264 0.5503738854596 0.602133369396623
0.265 0.550758995489472 0.602466357503103
0.266 0.55114398978299 0.602803319925254
0.267 0.551512393886029 0.603163977778324
0.268 0.551861065368384 0.60351892968917
0.269 0.552217508361202 0.603880917964279
0.27 0.552588976311755 0.604234810246922
0.271 0.552962837296215 0.6046222464084
0.272 0.553328666023209 0.604969948399744
0.273 0.553705199388186 0.605312485712769
0.274 0.554071006407473 0.605660847226827
0.275 0.554425460468904 0.606012500449979
0.276 0.55479242208398 0.606352402710566
0.277 0.555150710977149 0.606690555490726
0.278 0.555535102652893 0.60705313635558
0.279 0.555901197982701 0.607388128405591
0.28 0.55625692337529 0.607750768861702
0.281 0.556603553183721 0.608072328111667
0.282 0.556974730008178 0.608419415567884
0.283 0.557339662350279 0.608763959046806
0.284 0.55769350789915 0.609116362325985
0.285 0.558052988867474 0.609455042584703
0.286 0.55840014467644 0.609799396300217
0.287 0.558774429654901 0.610149808606222
0.288 0.55912294294871 0.610477454502183
0.289 0.559495259318146 0.61082442675236
0.29 0.5598638748372 0.611181375853164
0.291 0.560207737533694 0.611515737595625
0.292 0.560559482152234 0.611855817895752
0.293 0.560921983880077 0.612202085341306
0.294 0.561296889742529 0.61254301343928
0.295 0.561660910741146 0.612883628619235
0.296 0.562021063599224 0.613205107630905
0.297 0.562363545561589 0.61354550249044
0.298 0.562716415609385 0.613872750147935
0.299 0.563077498666285 0.614213523704
0.3 0.563416439555880 0.614557878681067
0.301 0.563753799579565 0.614887292882917
0.302 0.564095825937794 0.615225353803272
0.303 0.564441886595986 0.615560077927183
0.304 0.564791725513863 0.615896314033172
0.305 0.565123302719467 0.616233970300593
0.306 0.56546395051601 0.616545469978985
0.307 0.565809263348152 0.616869907753218
0.308 0.566137617084754 0.617192580806372
0.309 0.566483756820385 0.617528001493297
0.31 0.56684211249733 0.617869988820264
0.311 0.567185917186229 0.618188139501416
0.312 0.567557136388089 0.61851762478838
0.313 0.567879341591922 0.618844084615241
0.314 0.568206681317191 0.619183145282688
0.315 0.5685494295828 0.619505654979539
0.316 0.568881081570866 0.619846749035906
0.317 0.569217156176658 0.620179580989983
0.318 0.569554971590049 0.620506408916085
0.319 0.569900478162333 0.620818952440877
0.32 0.570236208676032 0.621135683664684
0.321 0.570554295864331 0.621456302927212
0.322 0.570890152337321 0.62177569744225
0.323 0.571220425258032 0.622111409342799
0.324 0.571566135365041 0.622419840609468
0.325 0.571880364305742 0.622738149496029
0.326 0.572198482866148 0.623053128104034
0.327 0.572532297680311 0.623377241243534
0.328 0.572875322227129 0.62370273283129
0.329 0.573204441312046 0.624017115527055
0.33 0.573518532555045 0.624344967187297
0.331 0.573839178788466 0.624676393298855
0.332 0.574185600702963 0.6250091760934
0.333 0.574518536547666 0.625337045866828
0.334 0.574850925431423 0.625652274393032
0.335 0.575179437087188 0.625967809165667
0.336 0.575489191048426 0.626276127418509
0.337 0.575824633768665 0.626595599278334
0.338 0.57615591441133 0.626897409026482
0.339 0.576478339432422 0.627202311924201
0.34 0.576810838652702 0.627505429400071
0.341 0.577140919967091 0.627817810345713
0.342 0.577468545090704 0.628124339540305
0.343 0.577795393758655 0.6284250647624
0.344 0.578111083730303 0.628734370954018
0.345 0.578435341827824 0.62903433414027
0.346 0.578769178173831 0.62933742762105
0.347 0.579089883602377 0.629646849495885
0.348 0.579394194136269 0.62997883808557
0.349 0.579716542639744 0.630275888357642
0.35 0.58004659913106 0.630593278318196
0.351 0.580368609355955 0.630897691476888
0.352 0.580678027082493 0.631224274119954
0.353 0.581012943321143 0.631542710900288
0.354 0.58133957579376 0.631847813414378
0.355 0.581655996539927 0.632150175176044
0.356 0.581962441968093 0.632472050534879
0.357 0.582279599728273 0.632785967210354
0.358 0.582615585402506 0.633112714367929
0.359 0.582947697357503 0.633443510435089
0.36 0.583269370302447 0.63374529732472
0.361 0.583578221643926 0.634039008566902
0.362 0.583897149210963 0.634336513731086
0.363 0.584216543586169 0.634637063717587
0.364 0.5845321554858 0.634947221958449
0.365 0.584854362011171 0.635231493491883
0.366 0.585160789564605 0.63552876747829
0.367 0.585468675488508 0.635823447559885
0.368 0.585789947191617 0.636123981817101
0.369 0.586089548875956 0.636427676441935
0.37 0.586405600216746 0.636735473652337
0.371 0.586717377124429 0.637023508126493
0.372 0.587041367059444 0.63731772728807
0.373 0.587341611119532 0.637617094772123
0.374 0.587652017860501 0.637907853010636
0.375 0.587966969880487 0.638240726453425
0.376 0.588290586425269 0.638540706462267
0.377 0.588591021535042 0.638859188530907
0.378 0.588903179452116 0.639167840386568
0.379 0.589225057494254 0.63946472954312
0.38 0.589527640448745 0.639753352025632
0.381 0.589833761681279 0.640052882472144
0.382 0.590128930730137 0.64036772523446
0.383 0.590434173460794 0.640659358642054
0.384 0.590740842649543 0.64094639589361
0.385 0.591043090717429 0.641250417171577
0.386 0.591352130300625 0.641541423015828
0.387 0.591667565210198 0.64182443564386
0.388 0.591976333081692 0.642119510477778
0.389 0.592281916427178 0.642406851905709
0.39 0.592576850784155 0.642698020794175
0.391 0.592873478912783 0.642996006622027
0.392 0.593187436528451 0.643291547125017
0.393 0.593501783447033 0.643592946815845
0.394 0.593803798690205 0.643900799997669
0.395 0.59412003303427 0.644194749223722
0.396 0.594435508534007 0.64449024026862
0.397 0.594743636175773 0.644785147417146
0.398 0.595032379599584 0.6450880057604
0.399 0.595354402306021 0.64538823817611
0.4 0.595677178216756 0.645677350487331
0.401 0.595985641652224 0.64597841459065
0.402 0.596307992517819 0.646278779834696
0.403 0.596617646510186 0.646578328734296
0.404 0.596917073579295 0.646856255855353
0.405 0.597219648504758 0.647143325684578
0.406 0.597523722985187 0.647438345468483
0.407 0.597828360852914 0.647727730111552
0.408 0.598126224985762 0.64801338339038
0.409 0.598439850153893 0.648298856030796
0.41 0.598737946368019 0.648589980604813
0.411 0.599032394974986 0.648880491045889
0.412 0.599328482100464 0.649167316213065
0.413 0.599627223118565 0.649428700628307
0.414 0.599925036012315 0.649712854146174
0.415 0.600231737705198 0.650007853102401
0.416 0.600524215177646 0.650302756096725
0.417 0.600823949590127 0.650610776104211
0.418 0.601115903416573 0.65089690077507
0.419 0.601417816636109 0.651187714369506
0.42 0.601736074706315 0.651482670765206
0.421 0.602044989258608 0.651786897961577
0.422 0.602342055096205 0.652069660392218
0.423 0.602625663219939 0.652349199794277
0.424 0.602921844086021 0.652635876006616
0.425 0.603205652855046 0.652916731689399
0.426 0.603493581342917 0.653222387099003
0.427 0.603792462153764 0.653516780328093
0.428 0.604092896798383 0.653806061239048
0.429 0.604383395434011 0.654091434013305
0.43 0.604677820481532 0.654381007838498
0.431 0.604980621303069 0.654664388156977
0.432 0.605271787825689 0.654958569970197
0.433 0.605555400997169 0.655259880583509
0.434 0.605846706571199 0.655531158000039
0.435 0.606126970117346 0.655808196122738
0.436 0.606406989927244 0.65608521337855
0.437 0.606673363227349 0.656357596578011
0.438 0.606978819520962 0.656643182525966
0.439 0.6072763632445 0.656923028088955
0.44 0.607565055852914 0.657194772766708
0.441 0.60784948971018 0.657476708056899
0.442 0.608155967835072 0.657756622645187
0.443 0.608454591678662 0.658044352090354
0.444 0.608743332914237 0.658341099230454
0.445 0.609034191235173 0.658616229254243
0.446 0.609319772251293 0.65890361276711
0.447 0.609628868527194 0.659178306883233
0.448 0.609922753723875 0.659444032986263
0.449 0.610202459403176 0.659724299405551
0.45 0.610511737803786 0.660009555894673
0.451 0.610820249979724 0.660293256811284
0.452 0.611118212808992 0.660564362174748
0.453 0.611415000173779 0.660853620070903
0.454 0.611701725982378 0.661132451097324
0.455 0.611994006694704 0.661423111866402
0.456 0.612293859067993 0.661714889725295
0.457 0.612572297273722 0.661996218246046
0.458 0.612868154232846 0.662258659533946
0.459 0.613158309421772 0.662553367025394
0.46 0.613440746312286 0.662821122714443
0.461 0.613726958161 0.663090270295533
0.462 0.61400915646511 0.66336530518819
0.463 0.614292699943766 0.663655207701221
0.464 0.614591851671851 0.663921758920658
0.465 0.614887642085847 0.664203117104170
0.466 0.615177144823756 0.664472413091239
0.467 0.615462731300696 0.664745198856891
0.468 0.615764465715418 0.665018438500013
0.469 0.616065450713836 0.665295616205348
0.47 0.616351165293872 0.665576138423229
0.471 0.616626007852216 0.665877323731433
0.472 0.616914905774233 0.66616674611061
0.473 0.617203953668403 0.666442943132777
0.474 0.617498395782977 0.666719127572115
0.475 0.617789658815391 0.666994890700062
0.476 0.618083814784688 0.667263428736601
0.477 0.618371243985534 0.667540206708806
0.478 0.618673345229449 0.667825029425421
0.479 0.618957745561872 0.668102269039416
0.48 0.619241881153692 0.668372993677985
0.481 0.619539781701898 0.668651250919314
0.482 0.619812263041805 0.668929464454501
0.483 0.620097474087841 0.669199691298318
0.484 0.620380098295239 0.669464856839878
0.485 0.620673180642315 0.669735735799128
0.486 0.620960921067782 0.670022014204377
0.487 0.621262313330226 0.670295550996641
0.488 0.621551874204173 0.670559162778996
0.489 0.621850298557542 0.670831017940259
0.49 0.622142462505196 0.671101805496889
0.491 0.622416254132476 0.67136971401972
0.492 0.622719194491743 0.671648474419517
0.493 0.623010656855847 0.671924000607711
0.494 0.623318423162244 0.672194590555806
0.495 0.623614477250912 0.672463511409583
0.496 0.623898806126456 0.672759603441264
0.497 0.624182400244148 0.673034578172497
0.498 0.624468272672659 0.673318221205678
0.499 0.624758372526877 0.673580178483256
0.5 0.6250478519174 0.673849970848168
0.501 0.625338330639914 0.674123384069742
0.502 0.625623058630096 0.67439497407466
0.503 0.625900775425029 0.674656508713973
0.504 0.626182586424705 0.67492175815723
0.505 0.62646246011625 0.675197934627366
0.506 0.626752069113999 0.675465340636133
0.507 0.627054540017068 0.675737440061184
0.508 0.62733535524534 0.676024643088115
0.509 0.627622496555405 0.676294508437843
0.51 0.627892406591343 0.676579431508056
0.511 0.628174262527265 0.676843877584009
0.512 0.628473455720795 0.677115991833819
0.513 0.628764938995113 0.677377854718573
0.514 0.629046722405213 0.67764637794466
0.515 0.629331852973826 0.67793061188562
0.516 0.629619533972096 0.678223084453918
0.517 0.62990493681797 0.678506002204898
0.518 0.630184684755049 0.67878000407277
0.519 0.630471213280192 0.679053034644764
0.52 0.630756002021748 0.679337696414904
0.521 0.631045523396811 0.679601821179206
0.522 0.631329217835148 0.679884183572482
0.523 0.631611978355665 0.680168266099969
0.524 0.631899072328396 0.680442973681447
0.525 0.632171944890164 0.680715464338352
0.526 0.632452702645946 0.68096476474758
0.527 0.632737372324386 0.681231978985958
0.528 0.633020174655635 0.68150711505077
0.529 0.633294693893124 0.681764049234898
0.53 0.63358076538978 0.682028641063438
0.531 0.633863598848434 0.682288869877711
0.532 0.634137349363701 0.682567803809177
0.533 0.634425074921473 0.682826587898772
0.534 0.634704805466325 0.683086831590197
0.535 0.63498680069918 0.683356719718128
0.536 0.635286524611907 0.683628899604803
0.537 0.635564758127953 0.683904729458216
0.538 0.63584978374908 0.684174866129841
0.539 0.636142296013953 0.684452510114597
0.54 0.63642100947617 0.684727597364585
0.541 0.63671372349266 0.68499177028959
0.542 0.636999940045736 0.685256182952289
0.543 0.637274660829791 0.685522109056722
0.544 0.637558264312857 0.685792795824415
0.545 0.637846745941476 0.686050343837105
0.546 0.638127807319409 0.686314192037033
0.547 0.63841118662475 0.686618243637607
0.548 0.638689514699642 0.686879788225873
0.549 0.638960821656816 0.687145430043717
0.55 0.63922728251981 0.687416910503825
0.551 0.639511939298391 0.68769443682503
0.552 0.639795807878239 0.687962507858162
0.553 0.64007406118002 0.688226966177151
0.554 0.640356328786571 0.688516285178558
0.555 0.640643289031999 0.68878376325531
0.556 0.640922468269344 0.689051213417658
0.557 0.64121035220588 0.689316338023613
0.558 0.64149836503699 0.689602982283206
0.559 0.641755438449732 0.689862383872052
0.56 0.642038909393453 0.690123823881459
0.561 0.642326837497088 0.690391525352902
0.562 0.642617467973209 0.690672131347826
0.563 0.64290359269028 0.690951207432436
0.564 0.643189304714792 0.691223928630176
0.565 0.64348876570314 0.691499642196583
0.566 0.643783766214328 0.691761270473873
0.567 0.644064529883836 0.69204048726685
0.568 0.644336777914602 0.692311255046932
0.569 0.644611758141333 0.692586719259183
0.57 0.644893469830343 0.69285974052887
0.571 0.645174733127974 0.693123876545686
0.572 0.645462325908946 0.693393770610107
0.573 0.645735997980735 0.693657114478353
0.574 0.646029593933604 0.693920460748246
0.575 0.646298584145256 0.694184749303457
0.576 0.646587740364319 0.694455019058835
0.577 0.646882263216208 0.694732885028376
0.578 0.647166685039875 0.695002192598256
0.579 0.647446965938481 0.695282346482047
0.58 0.647719307253103 0.695550783861324
0.581 0.6480047135534 0.69581023500211
0.582 0.64829893407994 0.696077811854054
0.583 0.648597143429738 0.696349166423696
0.584 0.648897406231274 0.696625673880713
0.585 0.649181182130987 0.696889357005923
0.586 0.649472541387695 0.697152319919829
0.587 0.649752843602877 0.697424343303863
0.588 0.650032507315528 0.697692341366495
0.589 0.650320331873002 0.697951560723046
0.59 0.650629855256955 0.698227573876259
0.591 0.650906069924558 0.698494206266808
0.592 0.6511773292061 0.698774135838493
0.593 0.65145472996773 0.699071978777718
0.594 0.65174709845214 0.699350796359249
0.595 0.652029008490999 0.699610215755944
0.596 0.652311177867275 0.699874204049927
0.597 0.652594055221366 0.700145215794286
0.598 0.652877420481208 0.700426319643202
0.599 0.653182268334936 0.700713411229634
0.6 0.65346464472357 0.700995421689487
0.601 0.653750778393853 0.701263499392206
0.602 0.654040989028372 0.701543071196466
0.603 0.65432853366947 0.701810173640276
0.604 0.654618731528547 0.702090859468139
0.605 0.654913621740558 0.702359350698301
0.606 0.655203883113782 0.702624465513003
0.607 0.655474841031233 0.702889413320274
0.608 0.655764337124892 0.703158989145444
0.609 0.656059741243132 0.703431563492687
0.61 0.656358999445959 0.703706706484165
0.611 0.656641268473035 0.70398288791425
0.612 0.656935550552927 0.704269489851902
0.613 0.657209140205354 0.704545337894073
0.614 0.65749539998604 0.704829221217438
0.615 0.657769396335187 0.705106355207821
0.616 0.658072288208337 0.705376492584072
0.617 0.658367604958337 0.705658081107637
0.618 0.658659635161587 0.70591766314124
0.619 0.658953788692989 0.706185661201084
0.62 0.659258487811967 0.706454374115335
0.621 0.659558556627837 0.70672430696532
0.622 0.659839985094972 0.70699710602867
0.623 0.660139575450618 0.707269249743988
0.624 0.660440221989945 0.707536924780741
0.625 0.66073679423797 0.707807014730369
0.626 0.661019845946283 0.708079343950266
0.627 0.661310904406941 0.708354774649566
0.628 0.66160619526096 0.708632265958643
0.629 0.661892062411792 0.708914159282432
0.63 0.662172305997405 0.709186542901507
0.631 0.662452261782823 0.709462304449539
0.632 0.662747518179756 0.709734915495654
0.633 0.66304987935055 0.710003037349275
0.634 0.663341133982115 0.710282144880882
0.635 0.663636859415233 0.710542891246129
0.636 0.663918238111915 0.710830887958568
0.637 0.664195664367405 0.711109552993156
0.638 0.664483094054178 0.711386336158235
0.639 0.664771886226048 0.711661278831123
0.64 0.665054607658822 0.711937825212619
0.641 0.665347772160319 0.712214628210992
0.642 0.665633715427747 0.712493175744802
0.643 0.665920481824612 0.712782797574005
0.644 0.666228283723928 0.713041624882249
0.645 0.666525815861501 0.713312027481571
0.646 0.666821028944696 0.713590641828284
0.647 0.667120860373953 0.713853977604327
0.648 0.667413477541218 0.714117140493322
0.649 0.667715405550224 0.714405439114357
0.65 0.668017994632627 0.714680010073914
0.651 0.66830901398927 0.71496231815255
0.652 0.668596606854075 0.715238989824106
0.653 0.668891365232406 0.715516351589121
0.654 0.669196429362647 0.715803739419438
0.655 0.66948423162659 0.71607656617409
0.656 0.669781862003034 0.716355986211571
0.657 0.670079054499983 0.716628849996619
0.658 0.670365702880652 0.716911911891815
0.659 0.67065734976814 0.717205543929157
0.66 0.670961739742346 0.717481611705657
0.661 0.671233219940485 0.71776295859326
0.662 0.671518808131485 0.718036929201461
0.663 0.671821165469188 0.71829825193627
0.664 0.672112087249814 0.718586274265434
0.665 0.672407617374089 0.718873986160392
0.666 0.672694945570928 0.719149658000533
0.667 0.672999449351316 0.719431469756091
0.668 0.67329118190252 0.719733007610768
0.669 0.673585759455598 0.720011947760766
0.67 0.673878697474793 0.720300835451991
0.671 0.674167009713808 0.720586325895798
0.672 0.674462076204658 0.720860740562374
0.673 0.674761926294133 0.721151053292856
0.674 0.675053478490733 0.721419613412977
0.675 0.675350633694389 0.721697583035244
0.676 0.675643434908689 0.72197775031368
0.677 0.675945991610654 0.722264243771543
0.678 0.676248088509409 0.722543955808687
0.679 0.676566893986933 0.72282289501211
0.68 0.676864647773127 0.723106143727971
0.681 0.677151558987462 0.723397622110132
0.682 0.677454505529896 0.723681460218088
0.683 0.677756566900059 0.723966880607503
0.684 0.678050058781196 0.724242013624719
0.685 0.678348551013905 0.724514909348514
0.686 0.678638646416129 0.724813882241675
0.687 0.678933961520498 0.725104859696
0.688 0.679248351282131 0.725381337257503
0.689 0.679566691536597 0.725670456040624
0.69 0.679882905373783 0.725949601390029
0.691 0.680181460440589 0.726244861331527
0.692 0.680471798822313 0.726536769112211
0.693 0.680765012392247 0.726826029642826
0.694 0.6810551459824 0.72711383338179
0.695 0.681342870976147 0.72740476928562
0.696 0.681647663192653 0.727700682740607
0.697 0.681951373323011 0.727979644986646
0.698 0.682262011564757 0.728255729361137
0.699 0.68258400009137 0.728541789228065
0.7 0.682869934917882 0.728814875459103
0.701 0.683172077387011 0.729112328160443
0.702 0.683479123164422 0.729408988198997
0.703 0.683792334926213 0.729696494640582
0.704 0.684104765136777 0.729980924418414
0.705 0.684407525630143 0.7302664349002
0.706 0.684712856915046 0.73055464663127
0.707 0.68502881539633 0.730834620829883
0.708 0.685339320104775 0.731129443111894
0.709 0.685660684069445 0.731408602075961
0.71 0.685943707648376 0.731706437321274
0.711 0.686261699573921 0.732001750688412
0.712 0.686573805751259 0.732283876996133
0.713 0.686874234167337 0.732569771278286
0.714 0.687193295685883 0.732869509858141
0.715 0.687503371844583 0.733157753985793
0.716 0.687820587097908 0.733451641159158
0.717 0.688121750215007 0.733743703525766
0.718 0.688439370699207 0.734041269137608
0.719 0.688748734501564 0.734340939989905
0.72 0.689053257575347 0.734632347050303
0.721 0.689371768451086 0.734915783453932
0.722 0.689690443992418 0.735216579056283
0.723 0.689988899053117 0.735518040866481
0.724 0.690297957485509 0.735801892312927
0.725 0.690602484648438 0.736093824597757
0.726 0.690911478962863 0.73639021825844
0.727 0.691220899087515 0.736689382725894
0.728 0.691544099911293 0.736990882593405
0.729 0.691873848202866 0.737294703687924
0.73 0.69219173297299 0.737578510426829
0.731 0.692507687131606 0.737883766740851
0.732 0.692820327877428 0.738168083842818
0.733 0.693128921872163 0.738473720633376
0.734 0.693435334871614 0.73877765065901
0.735 0.693746839762917 0.739080199501048
0.736 0.69408454373416 0.739365582399158
0.737 0.69440722273534 0.739676694523074
0.738 0.694733648399913 0.739965155109847
0.739 0.695063109291965 0.740284222910789
0.74 0.695385884573446 0.740569518798189
0.741 0.69571174847863 0.740870444221953
0.742 0.696041680028396 0.741183518919898
0.743 0.696355311521965 0.741469228789045
0.744 0.696701013732014 0.741778023506153
0.745 0.697022797870809 0.742076777231574
0.746 0.697322793945819 0.742378586559405
0.747 0.697651954299117 0.742698821274082
0.748 0.697975518515611 0.743020952707018
0.749 0.698292403586406 0.743332740034806
0.75 0.698621971425616 0.743622020090918
0.751 0.698958185988619 0.743935908575807
0.752 0.699291497917209 0.74423821248273
0.753 0.69960515842024 0.744538422191863
0.754 0.699947231940992 0.744854477569111
0.755 0.700273186070905 0.745180751250207
0.756 0.700596617242828 0.74548678686916
0.757 0.700933832472152 0.74579377068898
0.758 0.70128172037487 0.746107261062727
0.759 0.70162022149674 0.746410884724137
0.76 0.701934145905399 0.746717632252203
0.761 0.702268004660899 0.747031809744085
0.762 0.702587970891697 0.747342956336897
0.763 0.702920962404186 0.747671562360435
0.764 0.70326008059408 0.747976089206432
0.765 0.703579834478545 0.748272672657557
0.766 0.7039356959722 0.748579704906916
0.767 0.704283315368917 0.748891580878042
0.768 0.704621732394839 0.749198765353416
0.769 0.70498429073064 0.749513888669043
0.77 0.705317699847436 0.749823473953369
0.771 0.705650354902385 0.750120238468795
0.772 0.705986713675418 0.750432430813416
0.773 0.706319527907494 0.750743830128257
0.774 0.706654128319829 0.751051216065768
0.775 0.707016405525805 0.751352636562138
0.776 0.707359605003275 0.751670246763352
0.777 0.707688790298686 0.751990368286023
0.778 0.708023239767983 0.752330547854573
0.779 0.708357879058676 0.752666722468903
0.78 0.708719551093913 0.752997662129825
0.781 0.70905074247439 0.753310316148858
0.782 0.709392521955964 0.753652293721793
0.783 0.70974820465644 0.753966761006152
0.784 0.71009007336688 0.754277986917907
0.785 0.710438288606613 0.754611113995743
0.786 0.710778315891541 0.754922766886508
0.787 0.711133627877784 0.755253241228913
0.788 0.711488400288714 0.755565644958794
0.789 0.711825728910642 0.755889498980576
0.79 0.71217312328353 0.756217833364168
0.791 0.712524391453132 0.756542707415462
0.792 0.712873992350641 0.756868586905023
0.793 0.713222618814616 0.757175242751144
0.794 0.713588496982543 0.757509146819592
0.795 0.713934481163878 0.757833134117823
0.796 0.714305618344208 0.75818092671122
0.797 0.714670370240223 0.758504054337152
0.798 0.71504792130605 0.758840326063603
0.799 0.715407514345709 0.759172333416515
0.8 0.715768265594835 0.759506855420958
0.801 0.716106798420487 0.75984424862945
0.802 0.716460492165227 0.760175781115604
0.803 0.716830423816545 0.760524070748474
0.804 0.717222087050487 0.760860297776265
0.805 0.71756010344266 0.76121188181454
0.806 0.717914844202755 0.76154509450293
0.807 0.718273667979967 0.761892203979497
0.808 0.718652922347425 0.762237661903088
0.809 0.719004649163808 0.762576431932152
0.81 0.719375738542999 0.762896747669655
0.811 0.719746135175753 0.763245307834831
0.812 0.720131034702918 0.763588449344064
0.813 0.720504246225169 0.763943593503358
0.814 0.72088047225358 0.764287598539017
0.815 0.721256489962861 0.764596529329225
0.816 0.721627551501152 0.764956824557355
0.817 0.72198382430048 0.765306383136244
0.818 0.722345793935912 0.76566766477419
0.819 0.722731331087436 0.765991929852468
0.82 0.723105394498229 0.766338773960003
0.821 0.723469017254643 0.766705826482543
0.822 0.723842305214378 0.767038796389767
0.823 0.724212452595251 0.767404637961712
0.824 0.724603557710594 0.767769632050737
0.825 0.724987323921295 0.768117427520084
0.826 0.725364695021476 0.768461543886492
0.827 0.72572222452075 0.768828820077508
0.828 0.726103806982092 0.76919305047867
0.829 0.726494607330178 0.769563231853812
0.83 0.726878745124037 0.769918883088114
0.831 0.727263028099774 0.77028279629212
0.832 0.727655954571068 0.770636976532167
0.833 0.728041415182938 0.770986676727145
0.834 0.728454716605936 0.77135457633423
0.835 0.728844311046307 0.771713762754676
0.836 0.729259692542672 0.772080777965643
0.837 0.729650719119422 0.772444757569651
0.838 0.730038251485594 0.772810166327843
0.839 0.730443986977594 0.773192248698863
0.84 0.730856705567102 0.773575736756416
0.841 0.731266156770129 0.7739574152022
0.842 0.731690153211221 0.774326695491887
0.843 0.73209450105097 0.774693938415494
0.844 0.732498383003221 0.775062413765753
0.845 0.732915143121207 0.775455354960613
0.846 0.733339597075464 0.775845513700323
0.847 0.733750703227557 0.776247371968285
0.848 0.7341473619492 0.776626326746968
0.849 0.734547281107514 0.777010211132704
0.85 0.734946659485657 0.777380878475664
0.851 0.735366221224308 0.777757851750438
0.852 0.73576769428967 0.778147082863102
0.853 0.736184512759059 0.778517896470267
0.854 0.736586258280735 0.778908489539805
0.855 0.737018039210202 0.779318475435859
0.856 0.73745050219648 0.779711944638923
0.857 0.73786883972675 0.780098261514933
0.858 0.738292716496112 0.780486933112775
0.859 0.738725266724713 0.780883610560285
0.86 0.739156021998164 0.781276653875825
0.861 0.739584078179173 0.781680161478464
0.862 0.74002870849408 0.782070084297977
0.863 0.740467630057505 0.782474691246027
0.864 0.740892877728268 0.782875406012906
0.865 0.741339167138978 0.783277881365104
0.866 0.74178354526139 0.783682366386096
0.867 0.742230809816735 0.784102502591292
0.868 0.742676732509614 0.784521362471903
0.869 0.743139815736382 0.78491828245533
0.87 0.743582766731499 0.78533616308696
0.871 0.744021483216575 0.785763873948003
0.872 0.744472083626202 0.786172278414076
0.873 0.744938635831672 0.786596584041955
0.874 0.745399375314356 0.787002456764253
0.875 0.745868870104643 0.787420838052316
0.876 0.746298047098676 0.787844509225624
0.877 0.746759309952878 0.788253899088244
0.878 0.747252905521983 0.788703417937173
0.879 0.74772142126029 0.789119942808257
0.88 0.74820482084914 0.789565073661618
0.881 0.748670720366288 0.790029575672537
0.882 0.749156616628054 0.790454476212156
0.883 0.749646485911926 0.790904306017025
0.884 0.75012124730463 0.791341776370304
0.885 0.750594230687743 0.791790574651474
0.886 0.751074602761305 0.792236105818337
0.887 0.751574820217784 0.792708554336597
0.888 0.752071022336503 0.793159080103917
0.889 0.752569180018429 0.793611136777767
0.89 0.753093662214769 0.794050505749634
0.891 0.753573639093258 0.79451646620515
0.892 0.754073796123458 0.794973389776925
0.893 0.754570054474598 0.795433255036295
0.894 0.755063750258903 0.79589917208109
0.895 0.755577366052867 0.79636955305488
0.896 0.756086682333861 0.79681763576321
0.897 0.756612214584344 0.79728933289633
0.898 0.757145092975002 0.797784931887955
0.899 0.757673454976653 0.798265921318536
0.9 0.758216065168315 0.798737289094433
0.901 0.758727102325368 0.799225438388524
0.902 0.759255774827299 0.799718621878188
0.903 0.759775718423645 0.800226826301248
0.904 0.760297073202009 0.800722013131204
0.905 0.76085997103455 0.80120587734597
0.906 0.761368083410645 0.801694805338486
0.907 0.76190327331589 0.802199571066642
0.908 0.762436985882461 0.80271281773343
0.909 0.763005932713714 0.803241661870755
0.91 0.763583892385945 0.803751633270589
0.911 0.764126967697676 0.804266534340112
0.912 0.764702319543948 0.804795392369387
0.913 0.765292157597515 0.805283271883972
0.914 0.765870127270652 0.805822338607433
0.915 0.766470861316889 0.806385705769676
0.916 0.767067225582694 0.806926080420275
0.917 0.767665855958647 0.807488653500006
0.918 0.76825403578221 0.808024268271381
0.919 0.768847905867154 0.808596737973225
0.92 0.769479182624935 0.809130743254867
0.921 0.77008477486374 0.809686918088002
0.922 0.770694787140405 0.810285205014282
0.923 0.771344485730431 0.810843650505922
0.924 0.771944073903567 0.81141398145568
0.925 0.772531461782657 0.811977821678628
0.926 0.773165303960858 0.812519622867114
0.927 0.773784506630136 0.813134024495757
0.928 0.774442273140899 0.813731906081706
0.929 0.775108047098143 0.814306085682478
0.93 0.775769369612096 0.814904827922088
0.931 0.776452889653974 0.815503695713746
0.932 0.777089645132268 0.816082676615187
0.933 0.777739059800911 0.816709685507982
0.934 0.778411263309035 0.817347605892437
0.935 0.779107576887711 0.817999583503658
0.936 0.779822288813677 0.818599055444934
0.937 0.780521659513395 0.819243856837637
0.938 0.78119402141268 0.819896801178254
0.939 0.781915399697877 0.820563064273043
0.94 0.782677967256684 0.821232464259769
0.941 0.783422213256129 0.82191760016555
0.942 0.784160405911606 0.822604608364707
0.943 0.784950476477887 0.823282102567806
0.944 0.785719411257621 0.82399585564834
0.945 0.786498191113575 0.82469060053199
0.946 0.787290627094988 0.825404549860255
0.947 0.78805234296145 0.826135739050557
0.948 0.788830965788879 0.826850956775143
0.949 0.78962574824991 0.827565952368162
0.95 0.79042140224454 0.828300355483268
0.951 0.79129772363031 0.829069072843784
0.952 0.79212654674315 0.829795991495602
0.953 0.792942339991544 0.83053651304006
0.954 0.793824849287337 0.83136993588389
0.955 0.794728217836633 0.832245629813962
0.956 0.795575614809073 0.833024446345223
0.957 0.796458750868929 0.833834020512793
0.958 0.797362932103738 0.834691539832114
0.959 0.798299758017403 0.835543478752272
0.96 0.799254536449206 0.83634447054513
0.961 0.800242336692995 0.837201777214047
0.962 0.801251573121325 0.83810849852249
0.963 0.80223687747927 0.839043732810746
0.964 0.803214466350343 0.839970786780458
0.965 0.804260660961596 0.84090697227765
0.966 0.805348697063064 0.841828191994212
0.967 0.806433001295364 0.842812151893776
0.968 0.807670562219553 0.843801399811332
0.969 0.80881667711775 0.844761775975525
0.97 0.809948992868653 0.845798526333627
0.971 0.811119621778449 0.846937605105282
0.972 0.812366540569355 0.847969470835794
0.973 0.813594944417902 0.849130552917396
0.974 0.814898643894559 0.850324267043025
0.975 0.816186272946822 0.85146437261997
0.976 0.817609396871256 0.852620016241978
0.977 0.818976496770258 0.853840753911219
0.978 0.820454027544436 0.855231088131377
0.979 0.821901191538908 0.856536425126675
0.98 0.823521960195312 0.85792994848575
0.981 0.825207875788213 0.85936689591607
0.982 0.826898505007994 0.860964598163736
0.983 0.828623752432652 0.862551059742917
0.984 0.830479653354062 0.864154125072939
0.985 0.832389372191342 0.865757576865863
0.986 0.834370353576037 0.867636732006823
0.987 0.836528812541451 0.869531629632308
0.988 0.83875474714212 0.871486603767217
0.989 0.8410707086474 0.873584710226794
0.99 0.843705963758514 0.87589423420435
0.991 0.846411743616187 0.878294446214803
0.992 0.849516577231627 0.880998477564816
0.993 0.852907088239753 0.883895685361335
0.994 0.85677492354967 0.887177501572395
0.995 0.861021340745406 0.89092547015759
0.996 0.865871732968936 0.895114420571599
0.997 0.871667501957423 0.900437939483196
0.998 0.880050830297602 0.906910294649556
0.999 0.892178983814733 0.917372523591477
1 0.971887567331529 0.982740085150897
