1 0 0 0 1
2 0 0 0.05 0.95
3 0 0 0.1 0.9
4 0 0 0.15 0.85
5 0 0 0.2 0.8
6 0 0 0.25 0.75
7 0 0 0.3 0.7
8 0 0 0.35 0.65
9 0 0 0.4 0.6
10 0 0 0.45 0.55
11 0 0 0.5 0.5
12 0 0 0.55 0.45
13 0 0 0.6 0.4
14 0 0 0.65 0.35
15 0 0 0.7 0.3
16 0 0 0.75 0.25
17 0 0 0.8 0.2
18 0 0 0.85 0.15
19 0 0 0.9 0.1
20 0 0 0.95 0.05
21 0 0 1 0
22 0 0.05 0 0.95
23 0 0.05 0.05 0.9
24 0 0.05 0.1 0.85
25 0 0.05 0.15 0.8
26 0 0.05 0.2 0.75
27 0 0.05 0.25 0.7
28 0 0.05 0.3 0.65
29 0 0.05 0.35 0.6
30 0 0.05 0.4 0.55
31 0 0.05 0.45 0.5
32 0 0.05 0.5 0.45
33 0 0.05 0.55 0.4
34 0 0.05 0.6 0.35
35 0 0.05 0.65 0.3
36 0 0.05 0.7 0.25
37 0 0.05 0.75 0.2
38 0 0.05 0.8 0.15
39 0 0.05 0.85 0.1
40 0 0.05 0.9 0.05
41 0 0.05 0.95 0
42 0 0.1 0 0.9
43 0 0.1 0.05 0.85
44 0 0.1 0.1 0.8
45 0 0.1 0.15 0.75
46 0 0.1 0.2 0.7
47 0 0.1 0.25 0.65
48 0 0.1 0.3 0.6
49 0 0.1 0.35 0.55
50 0 0.1 0.4 0.5
51 0 0.1 0.45 0.45
52 0 0.1 0.5 0.4
53 0 0.1 0.55 0.35
54 0 0.1 0.6 0.3
55 0 0.1 0.65 0.25
56 0 0.1 0.7 0.2
57 0 0.1 0.75 0.15
58 0 0.1 0.8 0.1
59 0 0.1 0.85 0.05
60 0 0.1 0.9 0
61 0 0.15 0 0.85
62 0 0.15 0.05 0.8
63 0 0.15 0.1 0.75
64 0 0.15 0.15 0.7
65 0 0.15 0.2 0.65
66 0 0.15 0.25 0.6
67 0 0.15 0.3 0.55
68 0 0.15 0.35 0.5
69 0 0.15 0.4 0.45
70 0 0.15 0.45 0.4
71 0 0.15 0.5 0.35
72 0 0.15 0.55 0.3
73 0 0.15 0.6 0.25
74 0 0.15 0.65 0.2
75 0 0.15 0.7 0.15
76 0 0.15 0.75 0.1
77 0 0.15 0.8 0.05
78 0 0.15 0.85 0
79 0 0.2 0 0.8
80 0 0.2 0.05 0.75
81 0 0.2 0.1 0.7
82 0 0.2 0.15 0.65
83 0 0.2 0.2 0.6
84 0 0.2 0.25 0.55
85 0 0.2 0.3 0.5
86 0 0.2 0.35 0.45
87 0 0.2 0.4 0.4
88 0 0.2 0.45 0.35
89 0 0.2 0.5 0.3
90 0 0.2 0.55 0.25
91 0 0.2 0.6 0.2
92 0 0.2 0.65 0.15
93 0 0.2 0.7 0.1
94 0 0.2 0.75 0.05
95 0 0.2 0.8 0
96 0 0.25 0 0.75
97 0 0.25 0.05 0.7
98 0 0.25 0.1 0.65
99 0 0.25 0.15 0.6
100 0 0.25 0.2 0.55
101 0 0.25 0.25 0.5
102 0 0.25 0.3 0.45
103 0 0.25 0.35 0.4
104 0 0.25 0.4 0.35
105 0 0.25 0.45 0.3
106 0 0.25 0.5 0.25
107 0 0.25 0.55 0.2
108 0 0.25 0.6 0.15
109 0 0.25 0.65 0.1
110 0 0.25 0.7 0.05
111 0 0.25 0.75 0
112 0 0.3 0 0.7
113 0 0.3 0.05 0.65
114 0 0.3 0.1 0.6
115 0 0.3 0.15 0.55
116 0 0.3 0.2 0.5
117 0 0.3 0.25 0.45
118 0 0.3 0.3 0.4
119 0 0.3 0.35 0.35
120 0 0.3 0.4 0.3
121 0 0.3 0.45 0.25
122 0 0.3 0.5 0.2
123 0 0.3 0.55 0.15
124 0 0.3 0.6 0.1
125 0 0.3 0.65 0.05
126 0 0.3 0.7 0
127 0 0.35 0 0.65
128 0 0.35 0.05 0.6
129 0 0.35 0.1 0.55
130 0 0.35 0.15 0.5
131 0 0.35 0.2 0.45
132 0 0.35 0.25 0.4
133 0 0.35 0.3 0.35
134 0 0.35 0.35 0.3
135 0 0.35 0.4 0.25
136 0 0.35 0.45 0.2
137 0 0.35 0.5 0.15
138 0 0.35 0.55 0.1
139 0 0.35 0.6 0.05
140 0 0.35 0.65 0
141 0 0.4 0 0.6
142 0 0.4 0.05 0.55
143 0 0.4 0.1 0.5
144 0 0.4 0.15 0.45
145 0 0.4 0.2 0.4
146 0 0.4 0.25 0.35
147 0 0.4 0.3 0.3
148 0 0.4 0.35 0.25
149 0 0.4 0.4 0.2
150 0 0.4 0.45 0.15
151 0 0.4 0.5 0.1
152 0 0.4 0.55 0.05
153 0 0.4 0.6 0
154 0 0.45 0 0.55
155 0 0.45 0.05 0.5
156 0 0.45 0.1 0.45
157 0 0.45 0.15 0.4
158 0 0.45 0.2 0.35
159 0 0.45 0.25 0.3
160 0 0.45 0.3 0.25
161 0 0.45 0.35 0.2
162 0 0.45 0.4 0.15
163 0 0.45 0.45 0.1
164 0 0.45 0.5 0.05
165 0 0.45 0.55 0
166 0 0.5 0 0.5
167 0 0.5 0.05 0.45
168 0 0.5 0.1 0.4
169 0 0.5 0.15 0.35
170 0 0.5 0.2 0.3
171 0 0.5 0.25 0.25
172 0 0.5 0.3 0.2
173 0 0.5 0.35 0.15
174 0 0.5 0.4 0.1
175 0 0.5 0.45 0.05
176 0 0.5 0.5 0
177 0 0.55 0 0.45
178 0 0.55 0.05 0.4
179 0 0.55 0.1 0.35
180 0 0.55 0.15 0.3
181 0 0.55 0.2 0.25
182 0 0.55 0.25 0.2
183 0 0.55 0.3 0.15
184 0 0.55 0.35 0.1
185 0 0.55 0.4 0.05
186 0 0.55 0.45 0
187 0 0.6 0 0.4
188 0 0.6 0.05 0.35
189 0 0.6 0.1 0.3
190 0 0.6 0.15 0.25
191 0 0.6 0.2 0.2
192 0 0.6 0.25 0.15
193 0 0.6 0.3 0.1
194 0 0.6 0.35 0.05
195 0 0.6 0.4 0
196 0 0.65 0 0.35
197 0 0.65 0.05 0.3
198 0 0.65 0.1 0.25
199 0 0.65 0.15 0.2
200 0 0.65 0.2 0.15
201 0 0.65 0.25 0.1
202 0 0.65 0.3 0.05
203 0 0.65 0.35 0
204 0 0.7 0 0.3
205 0 0.7 0.05 0.25
206 0 0.7 0.1 0.2
207 0 0.7 0.15 0.15
208 0 0.7 0.2 0.1
209 0 0.7 0.25 0.05
210 0 0.7 0.3 0
211 0 0.75 0 0.25
212 0 0.75 0.05 0.2
213 0 0.75 0.1 0.15
214 0 0.75 0.15 0.1
215 0 0.75 0.2 0.05
216 0 0.75 0.25 0
217 0 0.8 0 0.2
218 0 0.8 0.05 0.15
219 0 0.8 0.1 0.1
220 0 0.8 0.15 0.05
221 0 0.8 0.2 0
222 0 0.85 0 0.15
223 0 0.85 0.05 0.1
224 0 0.85 0.1 0.05
225 0 0.85 0.15 0
226 0 0.9 0 0.1
227 0 0.9 0.05 0.05
228 0 0.9 0.1 0
229 0 0.95 0 0.05
230 0 0.95 0.05 0
231 0 1 0 0
232 0.05 0 0 0.95
233 0.05 0 0.05 0.9
234 0.05 0 0.1 0.85
235 0.05 0 0.15 0.8
236 0.05 0 0.2 0.75
237 0.05 0 0.25 0.7
238 0.05 0 0.3 0.65
239 0.05 0 0.35 0.6
240 0.05 0 0.4 0.55
241 0.05 0 0.45 0.5
242 0.05 0 0.5 0.45
243 0.05 0 0.55 0.4
244 0.05 0 0.6 0.35
245 0.05 0 0.65 0.3
246 0.05 0 0.7 0.25
247 0.05 0 0.75 0.2
248 0.05 0 0.8 0.15
249 0.05 0 0.85 0.1
250 0.05 0 0.9 0.05
251 0.05 0 0.95 0
252 0.05 0.05 0 0.9
253 0.05 0.05 0.05 0.85
254 0.05 0.05 0.1 0.8
255 0.05 0.05 0.15 0.75
256 0.05 0.05 0.2 0.7
257 0.05 0.05 0.25 0.65
258 0.05 0.05 0.3 0.6
259 0.05 0.05 0.35 0.55
260 0.05 0.05 0.4 0.5
261 0.05 0.05 0.45 0.45
262 0.05 0.05 0.5 0.4
263 0.05 0.05 0.55 0.35
264 0.05 0.05 0.6 0.3
265 0.05 0.05 0.65 0.25
266 0.05 0.05 0.7 0.2
267 0.05 0.05 0.75 0.15
268 0.05 0.05 0.8 0.1
269 0.05 0.05 0.85 0.05
270 0.05 0.05 0.9 0
271 0.05 0.1 0 0.85
272 0.05 0.1 0.05 0.8
273 0.05 0.1 0.1 0.75
274 0.05 0.1 0.15 0.7
275 0.05 0.1 0.2 0.65
276 0.05 0.1 0.25 0.6
277 0.05 0.1 0.3 0.55
278 0.05 0.1 0.35 0.5
279 0.05 0.1 0.4 0.45
280 0.05 0.1 0.45 0.4
281 0.05 0.1 0.5 0.35
282 0.05 0.1 0.55 0.3
283 0.05 0.1 0.6 0.25
284 0.05 0.1 0.65 0.2
285 0.05 0.1 0.7 0.15
286 0.05 0.1 0.75 0.1
287 0.05 0.1 0.8 0.05
288 0.05 0.1 0.85 0
289 0.05 0.15 0 0.8
290 0.05 0.15 0.05 0.75
291 0.05 0.15 0.1 0.7
292 0.05 0.15 0.15 0.65
293 0.05 0.15 0.2 0.6
294 0.05 0.15 0.25 0.55
295 0.05 0.15 0.3 0.5
296 0.05 0.15 0.35 0.45
297 0.05 0.15 0.4 0.4
298 0.05 0.15 0.45 0.35
299 0.05 0.15 0.5 0.3
300 0.05 0.15 0.55 0.25
301 0.05 0.15 0.6 0.2
302 0.05 0.15 0.65 0.15
303 0.05 0.15 0.7 0.1
304 0.05 0.15 0.75 0.05
305 0.05 0.15 0.8 0
306 0.05 0.2 0 0.75
307 0.05 0.2 0.05 0.7
308 0.05 0.2 0.1 0.65
309 0.05 0.2 0.15 0.6
310 0.05 0.2 0.2 0.55
311 0.05 0.2 0.25 0.5
312 0.05 0.2 0.3 0.45
313 0.05 0.2 0.35 0.4
314 0.05 0.2 0.4 0.35
315 0.05 0.2 0.45 0.3
316 0.05 0.2 0.5 0.25
317 0.05 0.2 0.55 0.2
318 0.05 0.2 0.6 0.15
319 0.05 0.2 0.65 0.1
320 0.05 0.2 0.7 0.05
321 0.05 0.2 0.75 0
322 0.05 0.25 0 0.7
323 0.05 0.25 0.05 0.65
324 0.05 0.25 0.1 0.6
325 0.05 0.25 0.15 0.55
326 0.05 0.25 0.2 0.5
327 0.05 0.25 0.25 0.45
328 0.05 0.25 0.3 0.4
329 0.05 0.25 0.35 0.35
330 0.05 0.25 0.4 0.3
331 0.05 0.25 0.45 0.25
332 0.05 0.25 0.5 0.2
333 0.05 0.25 0.55 0.15
334 0.05 0.25 0.6 0.1
335 0.05 0.25 0.65 0.05
336 0.05 0.25 0.7 0
337 0.05 0.3 0 0.65
338 0.05 0.3 0.05 0.6
339 0.05 0.3 0.1 0.55
340 0.05 0.3 0.15 0.5
341 0.05 0.3 0.2 0.45
342 0.05 0.3 0.25 0.4
343 0.05 0.3 0.3 0.35
344 0.05 0.3 0.35 0.3
345 0.05 0.3 0.4 0.25
346 0.05 0.3 0.45 0.2
347 0.05 0.3 0.5 0.15
348 0.05 0.3 0.55 0.1
349 0.05 0.3 0.6 0.05
350 0.05 0.3 0.65 0
351 0.05 0.35 0 0.6
352 0.05 0.35 0.05 0.55
353 0.05 0.35 0.1 0.5
354 0.05 0.35 0.15 0.45
355 0.05 0.35 0.2 0.4
356 0.05 0.35 0.25 0.35
357 0.05 0.35 0.3 0.3
358 0.05 0.35 0.35 0.25
359 0.05 0.35 0.4 0.2
360 0.05 0.35 0.45 0.15
361 0.05 0.35 0.5 0.1
362 0.05 0.35 0.55 0.05
363 0.05 0.35 0.6 0
364 0.05 0.4 0 0.55
365 0.05 0.4 0.05 0.5
366 0.05 0.4 0.1 0.45
367 0.05 0.4 0.15 0.4
368 0.05 0.4 0.2 0.35
369 0.05 0.4 0.25 0.3
370 0.05 0.4 0.3 0.25
371 0.05 0.4 0.35 0.2
372 0.05 0.4 0.4 0.15
373 0.05 0.4 0.45 0.1
374 0.05 0.4 0.5 0.05
375 0.05 0.4 0.55 0
376 0.05 0.45 0 0.5
377 0.05 0.45 0.05 0.45
378 0.05 0.45 0.1 0.4
379 0.05 0.45 0.15 0.35
380 0.05 0.45 0.2 0.3
381 0.05 0.45 0.25 0.25
382 0.05 0.45 0.3 0.2
383 0.05 0.45 0.35 0.15
384 0.05 0.45 0.4 0.1
385 0.05 0.45 0.45 0.05
386 0.05 0.45 0.5 0
387 0.05 0.5 0 0.45
388 0.05 0.5 0.05 0.4
389 0.05 0.5 0.1 0.35
390 0.05 0.5 0.15 0.3
391 0.05 0.5 0.2 0.25
392 0.05 0.5 0.25 0.2
393 0.05 0.5 0.3 0.15
394 0.05 0.5 0.35 0.1
395 0.05 0.5 0.4 0.05
396 0.05 0.5 0.45 0
397 0.05 0.55 0 0.4
398 0.05 0.55 0.05 0.35
399 0.05 0.55 0.1 0.3
400 0.05 0.55 0.15 0.25
401 0.05 0.55 0.2 0.2
402 0.05 0.55 0.25 0.15
403 0.05 0.55 0.3 0.1
404 0.05 0.55 0.35 0.05
405 0.05 0.55 0.4 0
406 0.05 0.6 0 0.35
407 0.05 0.6 0.05 0.3
408 0.05 0.6 0.1 0.25
409 0.05 0.6 0.15 0.2
410 0.05 0.6 0.2 0.15
411 0.05 0.6 0.25 0.1
412 0.05 0.6 0.3 0.05
413 0.05 0.6 0.35 0
414 0.05 0.65 0 0.3
415 0.05 0.65 0.05 0.25
416 0.05 0.65 0.1 0.2
417 0.05 0.65 0.15 0.15
418 0.05 0.65 0.2 0.1
419 0.05 0.65 0.25 0.05
420 0.05 0.65 0.3 0
421 0.05 0.7 0 0.25
422 0.05 0.7 0.05 0.2
423 0.05 0.7 0.1 0.15
424 0.05 0.7 0.15 0.1
425 0.05 0.7 0.2 0.05
426 0.05 0.7 0.25 0
427 0.05 0.75 0 0.2
428 0.05 0.75 0.05 0.15
429 0.05 0.75 0.1 0.1
430 0.05 0.75 0.15 0.05
431 0.05 0.75 0.2 0
432 0.05 0.8 0 0.15
433 0.05 0.8 0.05 0.1
434 0.05 0.8 0.1 0.05
435 0.05 0.8 0.15 0
436 0.05 0.85 0 0.1
437 0.05 0.85 0.05 0.05
438 0.05 0.85 0.1 0
439 0.05 0.9 0 0.05
440 0.05 0.9 0.05 0
441 0.05 0.95 0 0
442 0.1 0 0 0.9
443 0.1 0 0.05 0.85
444 0.1 0 0.1 0.8
445 0.1 0 0.15 0.75
446 0.1 0 0.2 0.7
447 0.1 0 0.25 0.65
448 0.1 0 0.3 0.6
449 0.1 0 0.35 0.55
450 0.1 0 0.4 0.5
451 0.1 0 0.45 0.45
452 0.1 0 0.5 0.4
453 0.1 0 0.55 0.35
454 0.1 0 0.6 0.3
455 0.1 0 0.65 0.25
456 0.1 0 0.7 0.2
457 0.1 0 0.75 0.15
458 0.1 0 0.8 0.1
459 0.1 0 0.85 0.05
460 0.1 0 0.9 0
461 0.1 0.05 0 0.85
462 0.1 0.05 0.05 0.8
463 0.1 0.05 0.1 0.75
464 0.1 0.05 0.15 0.7
465 0.1 0.05 0.2 0.65
466 0.1 0.05 0.25 0.6
467 0.1 0.05 0.3 0.55
468 0.1 0.05 0.35 0.5
469 0.1 0.05 0.4 0.45
470 0.1 0.05 0.45 0.4
471 0.1 0.05 0.5 0.35
472 0.1 0.05 0.55 0.3
473 0.1 0.05 0.6 0.25
474 0.1 0.05 0.65 0.2
475 0.1 0.05 0.7 0.15
476 0.1 0.05 0.75 0.1
477 0.1 0.05 0.8 0.05
478 0.1 0.05 0.85 0
479 0.1 0.1 0 0.8
480 0.1 0.1 0.05 0.75
481 0.1 0.1 0.1 0.7
482 0.1 0.1 0.15 0.65
483 0.1 0.1 0.2 0.6
484 0.1 0.1 0.25 0.55
485 0.1 0.1 0.3 0.5
486 0.1 0.1 0.35 0.45
487 0.1 0.1 0.4 0.4
488 0.1 0.1 0.45 0.35
489 0.1 0.1 0.5 0.3
490 0.1 0.1 0.55 0.25
491 0.1 0.1 0.6 0.2
492 0.1 0.1 0.65 0.15
493 0.1 0.1 0.7 0.1
494 0.1 0.1 0.75 0.05
495 0.1 0.1 0.8 0
496 0.1 0.15 0 0.75
497 0.1 0.15 0.05 0.7
498 0.1 0.15 0.1 0.65
499 0.1 0.15 0.15 0.6
500 0.1 0.15 0.2 0.55
501 0.1 0.15 0.25 0.5
502 0.1 0.15 0.3 0.45
503 0.1 0.15 0.35 0.4
504 0.1 0.15 0.4 0.35
505 0.1 0.15 0.45 0.3
506 0.1 0.15 0.5 0.25
507 0.1 0.15 0.55 0.2
508 0.1 0.15 0.6 0.15
509 0.1 0.15 0.65 0.1
510 0.1 0.15 0.7 0.05
511 0.1 0.15 0.75 0
512 0.1 0.2 0 0.7
513 0.1 0.2 0.05 0.65
514 0.1 0.2 0.1 0.6
515 0.1 0.2 0.15 0.55
516 0.1 0.2 0.2 0.5
517 0.1 0.2 0.25 0.45
518 0.1 0.2 0.3 0.4
519 0.1 0.2 0.35 0.35
520 0.1 0.2 0.4 0.3
521 0.1 0.2 0.45 0.25
522 0.1 0.2 0.5 0.2
523 0.1 0.2 0.55 0.15
524 0.1 0.2 0.6 0.1
525 0.1 0.2 0.65 0.05
526 0.1 0.2 0.7 0
527 0.1 0.25 0 0.65
528 0.1 0.25 0.05 0.6
529 0.1 0.25 0.1 0.55
530 0.1 0.25 0.15 0.5
531 0.1 0.25 0.2 0.45
532 0.1 0.25 0.25 0.4
533 0.1 0.25 0.3 0.35
534 0.1 0.25 0.35 0.3
535 0.1 0.25 0.4 0.25
536 0.1 0.25 0.45 0.2
537 0.1 0.25 0.5 0.15
538 0.1 0.25 0.55 0.1
539 0.1 0.25 0.6 0.05
540 0.1 0.25 0.65 0
541 0.1 0.3 0 0.6
542 0.1 0.3 0.05 0.55
543 0.1 0.3 0.1 0.5
544 0.1 0.3 0.15 0.45
545 0.1 0.3 0.2 0.4
546 0.1 0.3 0.25 0.35
547 0.1 0.3 0.3 0.3
548 0.1 0.3 0.35 0.25
549 0.1 0.3 0.4 0.2
550 0.1 0.3 0.45 0.15
551 0.1 0.3 0.5 0.1
552 0.1 0.3 0.55 0.05
553 0.1 0.3 0.6 0
554 0.1 0.35 0 0.55
555 0.1 0.35 0.05 0.5
556 0.1 0.35 0.1 0.45
557 0.1 0.35 0.15 0.4
558 0.1 0.35 0.2 0.35
559 0.1 0.35 0.25 0.3
560 0.1 0.35 0.3 0.25
561 0.1 0.35 0.35 0.2
562 0.1 0.35 0.4 0.15
563 0.1 0.35 0.45 0.1
564 0.1 0.35 0.5 0.05
565 0.1 0.35 0.55 0
566 0.1 0.4 0 0.5
567 0.1 0.4 0.05 0.45
568 0.1 0.4 0.1 0.4
569 0.1 0.4 0.15 0.35
570 0.1 0.4 0.2 0.3
571 0.1 0.4 0.25 0.25
572 0.1 0.4 0.3 0.2
573 0.1 0.4 0.35 0.15
574 0.1 0.4 0.4 0.1
575 0.1 0.4 0.45 0.05
576 0.1 0.4 0.5 0
577 0.1 0.45 0 0.45
578 0.1 0.45 0.05 0.4
579 0.1 0.45 0.1 0.35
580 0.1 0.45 0.15 0.3
581 0.1 0.45 0.2 0.25
582 0.1 0.45 0.25 0.2
583 0.1 0.45 0.3 0.15
584 0.1 0.45 0.35 0.1
585 0.1 0.45 0.4 0.05
586 0.1 0.45 0.45 0
587 0.1 0.5 0 0.4
588 0.1 0.5 0.05 0.35
589 0.1 0.5 0.1 0.3
590 0.1 0.5 0.15 0.25
591 0.1 0.5 0.2 0.2
592 0.1 0.5 0.25 0.15
593 0.1 0.5 0.3 0.1
594 0.1 0.5 0.35 0.05
595 0.1 0.5 0.4 0
596 0.1 0.55 0 0.35
597 0.1 0.55 0.05 0.3
598 0.1 0.55 0.1 0.25
599 0.1 0.55 0.15 0.2
600 0.1 0.55 0.2 0.15
601 0.1 0.55 0.25 0.1
602 0.1 0.55 0.3 0.05
603 0.1 0.55 0.35 0
604 0.1 0.6 0 0.3
605 0.1 0.6 0.05 0.25
606 0.1 0.6 0.1 0.2
607 0.1 0.6 0.15 0.15
608 0.1 0.6 0.2 0.1
609 0.1 0.6 0.25 0.05
610 0.1 0.6 0.3 0
611 0.1 0.65 0 0.25
612 0.1 0.65 0.05 0.2
613 0.1 0.65 0.1 0.15
614 0.1 0.65 0.15 0.1
615 0.1 0.65 0.2 0.05
616 0.1 0.65 0.25 0
617 0.1 0.7 0 0.2
618 0.1 0.7 0.05 0.15
619 0.1 0.7 0.1 0.1
620 0.1 0.7 0.15 0.05
621 0.1 0.7 0.2 0
622 0.1 0.75 0 0.15
623 0.1 0.75 0.05 0.1
624 0.1 0.75 0.1 0.05
625 0.1 0.75 0.15 0
626 0.1 0.8 0 0.1
627 0.1 0.8 0.05 0.05
628 0.1 0.8 0.1 0
629 0.1 0.85 0 0.05
630 0.1 0.85 0.05 0
631 0.1 0.9 0 0
632 0.15 0 0 0.85
633 0.15 0 0.05 0.8
634 0.15 0 0.1 0.75
635 0.15 0 0.15 0.7
636 0.15 0 0.2 0.65
637 0.15 0 0.25 0.6
638 0.15 0 0.3 0.55
639 0.15 0 0.35 0.5
640 0.15 0 0.4 0.45
641 0.15 0 0.45 0.4
642 0.15 0 0.5 0.35
643 0.15 0 0.55 0.3
644 0.15 0 0.6 0.25
645 0.15 0 0.65 0.2
646 0.15 0 0.7 0.15
647 0.15 0 0.75 0.1
648 0.15 0 0.8 0.05
649 0.15 0 0.85 0
650 0.15 0.05 0 0.8
651 0.15 0.05 0.05 0.75
652 0.15 0.05 0.1 0.7
653 0.15 0.05 0.15 0.65
654 0.15 0.05 0.2 0.6
655 0.15 0.05 0.25 0.55
656 0.15 0.05 0.3 0.5
657 0.15 0.05 0.35 0.45
658 0.15 0.05 0.4 0.4
659 0.15 0.05 0.45 0.35
660 0.15 0.05 0.5 0.3
661 0.15 0.05 0.55 0.25
662 0.15 0.05 0.6 0.2
663 0.15 0.05 0.65 0.15
664 0.15 0.05 0.7 0.1
665 0.15 0.05 0.75 0.05
666 0.15 0.05 0.8 0
667 0.15 0.1 0 0.75
668 0.15 0.1 0.05 0.7
669 0.15 0.1 0.1 0.65
670 0.15 0.1 0.15 0.6
671 0.15 0.1 0.2 0.55
672 0.15 0.1 0.25 0.5
673 0.15 0.1 0.3 0.45
674 0.15 0.1 0.35 0.4
675 0.15 0.1 0.4 0.35
676 0.15 0.1 0.45 0.3
677 0.15 0.1 0.5 0.25
678 0.15 0.1 0.55 0.2
679 0.15 0.1 0.6 0.15
680 0.15 0.1 0.65 0.1
681 0.15 0.1 0.7 0.05
682 0.15 0.1 0.75 0
683 0.15 0.15 0 0.7
684 0.15 0.15 0.05 0.65
685 0.15 0.15 0.1 0.6
686 0.15 0.15 0.15 0.55
687 0.15 0.15 0.2 0.5
688 0.15 0.15 0.25 0.45
689 0.15 0.15 0.3 0.4
690 0.15 0.15 0.35 0.35
691 0.15 0.15 0.4 0.3
692 0.15 0.15 0.45 0.25
693 0.15 0.15 0.5 0.2
694 0.15 0.15 0.55 0.15
695 0.15 0.15 0.6 0.1
696 0.15 0.15 0.65 0.05
697 0.15 0.15 0.7 0
698 0.15 0.2 0 0.65
699 0.15 0.2 0.05 0.6
700 0.15 0.2 0.1 0.55
701 0.15 0.2 0.15 0.5
702 0.15 0.2 0.2 0.45
703 0.15 0.2 0.25 0.4
704 0.15 0.2 0.3 0.35
705 0.15 0.2 0.35 0.3
706 0.15 0.2 0.4 0.25
707 0.15 0.2 0.45 0.2
708 0.15 0.2 0.5 0.15
709 0.15 0.2 0.55 0.1
710 0.15 0.2 0.6 0.05
711 0.15 0.2 0.65 0
712 0.15 0.25 0 0.6
713 0.15 0.25 0.05 0.55
714 0.15 0.25 0.1 0.5
715 0.15 0.25 0.15 0.45
716 0.15 0.25 0.2 0.4
717 0.15 0.25 0.25 0.35
718 0.15 0.25 0.3 0.3
719 0.15 0.25 0.35 0.25
720 0.15 0.25 0.4 0.2
721 0.15 0.25 0.45 0.15
722 0.15 0.25 0.5 0.1
723 0.15 0.25 0.55 0.05
724 0.15 0.25 0.6 0
725 0.15 0.3 0 0.55
726 0.15 0.3 0.05 0.5
727 0.15 0.3 0.1 0.45
728 0.15 0.3 0.15 0.4
729 0.15 0.3 0.2 0.35
730 0.15 0.3 0.25 0.3
731 0.15 0.3 0.3 0.25
732 0.15 0.3 0.35 0.2
733 0.15 0.3 0.4 0.15
734 0.15 0.3 0.45 0.1
735 0.15 0.3 0.5 0.05
736 0.15 0.3 0.55 0
737 0.15 0.35 0 0.5
738 0.15 0.35 0.05 0.45
739 0.15 0.35 0.1 0.4
740 0.15 0.35 0.15 0.35
741 0.15 0.35 0.2 0.3
742 0.15 0.35 0.25 0.25
743 0.15 0.35 0.3 0.2
744 0.15 0.35 0.35 0.15
745 0.15 0.35 0.4 0.1
746 0.15 0.35 0.45 0.05
747 0.15 0.35 0.5 0
748 0.15 0.4 0 0.45
749 0.15 0.4 0.05 0.4
750 0.15 0.4 0.1 0.35
751 0.15 0.4 0.15 0.3
752 0.15 0.4 0.2 0.25
753 0.15 0.4 0.25 0.2
754 0.15 0.4 0.3 0.15
755 0.15 0.4 0.35 0.1
756 0.15 0.4 0.4 0.05
757 0.15 0.4 0.45 0
758 0.15 0.45 0 0.4
759 0.15 0.45 0.05 0.35
760 0.15 0.45 0.1 0.3
761 0.15 0.45 0.15 0.25
762 0.15 0.45 0.2 0.2
763 0.15 0.45 0.25 0.15
764 0.15 0.45 0.3 0.1
765 0.15 0.45 0.35 0.05
766 0.15 0.45 0.4 0
767 0.15 0.5 0 0.35
768 0.15 0.5 0.05 0.3
769 0.15 0.5 0.1 0.25
770 0.15 0.5 0.15 0.2
771 0.15 0.5 0.2 0.15
772 0.15 0.5 0.25 0.1
773 0.15 0.5 0.3 0.05
774 0.15 0.5 0.35 0
775 0.15 0.55 0 0.3
776 0.15 0.55 0.05 0.25
777 0.15 0.55 0.1 0.2
778 0.15 0.55 0.15 0.15
779 0.15 0.55 0.2 0.1
780 0.15 0.55 0.25 0.05
781 0.15 0.55 0.3 0
782 0.15 0.6 0 0.25
783 0.15 0.6 0.05 0.2
784 0.15 0.6 0.1 0.15
785 0.15 0.6 0.15 0.1
786 0.15 0.6 0.2 0.05
787 0.15 0.6 0.25 0
788 0.15 0.65 0 0.2
789 0.15 0.65 0.05 0.15
790 0.15 0.65 0.1 0.1
791 0.15 0.65 0.15 0.05
792 0.15 0.65 0.2 0
793 0.15 0.7 0 0.15
794 0.15 0.7 0.05 0.1
795 0.15 0.7 0.1 0.05
796 0.15 0.7 0.15 0
797 0.15 0.75 0 0.1
798 0.15 0.75 0.05 0.05
799 0.15 0.75 0.1 0
800 0.15 0.8 0 0.05
801 0.15 0.8 0.05 0
802 0.15 0.85 0 0
803 0.2 0 0 0.8
804 0.2 0 0.05 0.75
805 0.2 0 0.1 0.7
806 0.2 0 0.15 0.65
807 0.2 0 0.2 0.6
808 0.2 0 0.25 0.55
809 0.2 0 0.3 0.5
810 0.2 0 0.35 0.45
811 0.2 0 0.4 0.4
812 0.2 0 0.45 0.35
813 0.2 0 0.5 0.3
814 0.2 0 0.55 0.25
815 0.2 0 0.6 0.2
816 0.2 0 0.65 0.15
817 0.2 0 0.7 0.1
818 0.2 0 0.75 0.05
819 0.2 0 0.8 0
820 0.2 0.05 0 0.75
821 0.2 0.05 0.05 0.7
822 0.2 0.05 0.1 0.65
823 0.2 0.05 0.15 0.6
824 0.2 0.05 0.2 0.55
825 0.2 0.05 0.25 0.5
826 0.2 0.05 0.3 0.45
827 0.2 0.05 0.35 0.4
828 0.2 0.05 0.4 0.35
829 0.2 0.05 0.45 0.3
830 0.2 0.05 0.5 0.25
831 0.2 0.05 0.55 0.2
832 0.2 0.05 0.6 0.15
833 0.2 0.05 0.65 0.1
834 0.2 0.05 0.7 0.05
835 0.2 0.05 0.75 0
836 0.2 0.1 0 0.7
837 0.2 0.1 0.05 0.65
838 0.2 0.1 0.1 0.6
839 0.2 0.1 0.15 0.55
840 0.2 0.1 0.2 0.5
841 0.2 0.1 0.25 0.45
842 0.2 0.1 0.3 0.4
843 0.2 0.1 0.35 0.35
844 0.2 0.1 0.4 0.3
845 0.2 0.1 0.45 0.25
846 0.2 0.1 0.5 0.2
847 0.2 0.1 0.55 0.15
848 0.2 0.1 0.6 0.1
849 0.2 0.1 0.65 0.05
850 0.2 0.1 0.7 0
851 0.2 0.15 0 0.65
852 0.2 0.15 0.05 0.6
853 0.2 0.15 0.1 0.55
854 0.2 0.15 0.15 0.5
855 0.2 0.15 0.2 0.45
856 0.2 0.15 0.25 0.4
857 0.2 0.15 0.3 0.35
858 0.2 0.15 0.35 0.3
859 0.2 0.15 0.4 0.25
860 0.2 0.15 0.45 0.2
861 0.2 0.15 0.5 0.15
862 0.2 0.15 0.55 0.1
863 0.2 0.15 0.6 0.05
864 0.2 0.15 0.65 0
865 0.2 0.2 0 0.6
866 0.2 0.2 0.05 0.55
867 0.2 0.2 0.1 0.5
868 0.2 0.2 0.15 0.45
869 0.2 0.2 0.2 0.4
870 0.2 0.2 0.25 0.35
871 0.2 0.2 0.3 0.3
872 0.2 0.2 0.35 0.25
873 0.2 0.2 0.4 0.2
874 0.2 0.2 0.45 0.15
875 0.2 0.2 0.5 0.1
876 0.2 0.2 0.55 0.05
877 0.2 0.2 0.6 0
878 0.2 0.25 0 0.55
879 0.2 0.25 0.05 0.5
880 0.2 0.25 0.1 0.45
881 0.2 0.25 0.15 0.4
882 0.2 0.25 0.2 0.35
883 0.2 0.25 0.25 0.3
884 0.2 0.25 0.3 0.25
885 0.2 0.25 0.35 0.2
886 0.2 0.25 0.4 0.15
887 0.2 0.25 0.45 0.1
888 0.2 0.25 0.5 0.05
889 0.2 0.25 0.55 0
890 0.2 0.3 0 0.5
891 0.2 0.3 0.05 0.45
892 0.2 0.3 0.1 0.4
893 0.2 0.3 0.15 0.35
894 0.2 0.3 0.2 0.3
895 0.2 0.3 0.25 0.25
896 0.2 0.3 0.3 0.2
897 0.2 0.3 0.35 0.15
898 0.2 0.3 0.4 0.1
899 0.2 0.3 0.45 0.05
900 0.2 0.3 0.5 0
901 0.2 0.35 0 0.45
902 0.2 0.35 0.05 0.4
903 0.2 0.35 0.1 0.35
904 0.2 0.35 0.15 0.3
905 0.2 0.35 0.2 0.25
906 0.2 0.35 0.25 0.2
907 0.2 0.35 0.3 0.15
908 0.2 0.35 0.35 0.1
909 0.2 0.35 0.4 0.05
910 0.2 0.35 0.45 0
911 0.2 0.4 0 0.4
912 0.2 0.4 0.05 0.35
913 0.2 0.4 0.1 0.3
914 0.2 0.4 0.15 0.25
915 0.2 0.4 0.2 0.2
916 0.2 0.4 0.25 0.15
917 0.2 0.4 0.3 0.1
918 0.2 0.4 0.35 0.05
919 0.2 0.4 0.4 0
920 0.2 0.45 0 0.35
921 0.2 0.45 0.05 0.3
922 0.2 0.45 0.1 0.25
923 0.2 0.45 0.15 0.2
924 0.2 0.45 0.2 0.15
925 0.2 0.45 0.25 0.1
926 0.2 0.45 0.3 0.05
927 0.2 0.45 0.35 0
928 0.2 0.5 0 0.3
929 0.2 0.5 0.05 0.25
930 0.2 0.5 0.1 0.2
931 0.2 0.5 0.15 0.15
932 0.2 0.5 0.2 0.1
933 0.2 0.5 0.25 0.05
934 0.2 0.5 0.3 0
935 0.2 0.55 0 0.25
936 0.2 0.55 0.05 0.2
937 0.2 0.55 0.1 0.15
938 0.2 0.55 0.15 0.1
939 0.2 0.55 0.2 0.05
940 0.2 0.55 0.25 0
941 0.2 0.6 0 0.2
942 0.2 0.6 0.05 0.15
943 0.2 0.6 0.1 0.1
944 0.2 0.6 0.15 0.05
945 0.2 0.6 0.2 0
946 0.2 0.65 0 0.15
947 0.2 0.65 0.05 0.1
948 0.2 0.65 0.1 0.05
949 0.2 0.65 0.15 0
950 0.2 0.7 0 0.1
951 0.2 0.7 0.05 0.05
952 0.2 0.7 0.1 0
953 0.2 0.75 0 0.05
954 0.2 0.75 0.05 0
955 0.2 0.8 0 0
956 0.25 0 0 0.75
957 0.25 0 0.05 0.7
958 0.25 0 0.1 0.65
959 0.25 0 0.15 0.6
960 0.25 0 0.2 0.55
961 0.25 0 0.25 0.5
962 0.25 0 0.3 0.45
963 0.25 0 0.35 0.4
964 0.25 0 0.4 0.35
965 0.25 0 0.45 0.3
966 0.25 0 0.5 0.25
967 0.25 0 0.55 0.2
968 0.25 0 0.6 0.15
969 0.25 0 0.65 0.1
970 0.25 0 0.7 0.05
971 0.25 0 0.75 0
972 0.25 0.05 0 0.7
973 0.25 0.05 0.05 0.65
974 0.25 0.05 0.1 0.6
975 0.25 0.05 0.15 0.55
976 0.25 0.05 0.2 0.5
977 0.25 0.05 0.25 0.45
978 0.25 0.05 0.3 0.4
979 0.25 0.05 0.35 0.35
980 0.25 0.05 0.4 0.3
981 0.25 0.05 0.45 0.25
982 0.25 0.05 0.5 0.2
983 0.25 0.05 0.55 0.15
984 0.25 0.05 0.6 0.1
985 0.25 0.05 0.65 0.05
986 0.25 0.05 0.7 0
987 0.25 0.1 0 0.65
988 0.25 0.1 0.05 0.6
989 0.25 0.1 0.1 0.55
990 0.25 0.1 0.15 0.5
991 0.25 0.1 0.2 0.45
992 0.25 0.1 0.25 0.4
993 0.25 0.1 0.3 0.35
994 0.25 0.1 0.35 0.3
995 0.25 0.1 0.4 0.25
996 0.25 0.1 0.45 0.2
997 0.25 0.1 0.5 0.15
998 0.25 0.1 0.55 0.1
999 0.25 0.1 0.6 0.05
1000 0.25 0.1 0.65 0
1001 0.25 0.15 0 0.6
1002 0.25 0.15 0.05 0.55
1003 0.25 0.15 0.1 0.5
1004 0.25 0.15 0.15 0.45
1005 0.25 0.15 0.2 0.4
1006 0.25 0.15 0.25 0.35
1007 0.25 0.15 0.3 0.3
1008 0.25 0.15 0.35 0.25
1009 0.25 0.15 0.4 0.2
1010 0.25 0.15 0.45 0.15
1011 0.25 0.15 0.5 0.1
1012 0.25 0.15 0.55 0.05
1013 0.25 0.15 0.6 0
1014 0.25 0.2 0 0.55
1015 0.25 0.2 0.05 0.5
1016 0.25 0.2 0.1 0.45
1017 0.25 0.2 0.15 0.4
1018 0.25 0.2 0.2 0.35
1019 0.25 0.2 0.25 0.3
1020 0.25 0.2 0.3 0.25
1021 0.25 0.2 0.35 0.2
1022 0.25 0.2 0.4 0.15
1023 0.25 0.2 0.45 0.1
1024 0.25 0.2 0.5 0.05
1025 0.25 0.2 0.55 0
1026 0.25 0.25 0 0.5
1027 0.25 0.25 0.05 0.45
1028 0.25 0.25 0.1 0.4
1029 0.25 0.25 0.15 0.35
1030 0.25 0.25 0.2 0.3
1031 0.25 0.25 0.25 0.25
1032 0.25 0.25 0.3 0.2
1033 0.25 0.25 0.35 0.15
1034 0.25 0.25 0.4 0.1
1035 0.25 0.25 0.45 0.05
1036 0.25 0.25 0.5 0
1037 0.25 0.3 0 0.45
1038 0.25 0.3 0.05 0.4
1039 0.25 0.3 0.1 0.35
1040 0.25 0.3 0.15 0.3
1041 0.25 0.3 0.2 0.25
1042 0.25 0.3 0.25 0.2
1043 0.25 0.3 0.3 0.15
1044 0.25 0.3 0.35 0.1
1045 0.25 0.3 0.4 0.05
1046 0.25 0.3 0.45 0
1047 0.25 0.35 0 0.4
1048 0.25 0.35 0.05 0.35
1049 0.25 0.35 0.1 0.3
1050 0.25 0.35 0.15 0.25
1051 0.25 0.35 0.2 0.2
1052 0.25 0.35 0.25 0.15
1053 0.25 0.35 0.3 0.1
1054 0.25 0.35 0.35 0.05
1055 0.25 0.35 0.4 0
1056 0.25 0.4 0 0.35
1057 0.25 0.4 0.05 0.3
1058 0.25 0.4 0.1 0.25
1059 0.25 0.4 0.15 0.2
1060 0.25 0.4 0.2 0.15
1061 0.25 0.4 0.25 0.1
1062 0.25 0.4 0.3 0.05
1063 0.25 0.4 0.35 0
1064 0.25 0.45 0 0.3
1065 0.25 0.45 0.05 0.25
1066 0.25 0.45 0.1 0.2
1067 0.25 0.45 0.15 0.15
1068 0.25 0.45 0.2 0.1
1069 0.25 0.45 0.25 0.05
1070 0.25 0.45 0.3 0
1071 0.25 0.5 0 0.25
1072 0.25 0.5 0.05 0.2
1073 0.25 0.5 0.1 0.15
1074 0.25 0.5 0.15 0.1
1075 0.25 0.5 0.2 0.05
1076 0.25 0.5 0.25 0
1077 0.25 0.55 0 0.2
1078 0.25 0.55 0.05 0.15
1079 0.25 0.55 0.1 0.1
1080 0.25 0.55 0.15 0.05
1081 0.25 0.55 0.2 0
1082 0.25 0.6 0 0.15
1083 0.25 0.6 0.05 0.1
1084 0.25 0.6 0.1 0.05
1085 0.25 0.6 0.15 0
1086 0.25 0.65 0 0.1
1087 0.25 0.65 0.05 0.05
1088 0.25 0.65 0.1 0
1089 0.25 0.7 0 0.05
1090 0.25 0.7 0.05 0
1091 0.25 0.75 0 0
1092 0.3 0 0 0.7
1093 0.3 0 0.05 0.65
1094 0.3 0 0.1 0.6
1095 0.3 0 0.15 0.55
1096 0.3 0 0.2 0.5
1097 0.3 0 0.25 0.45
1098 0.3 0 0.3 0.4
1099 0.3 0 0.35 0.35
1100 0.3 0 0.4 0.3
1101 0.3 0 0.45 0.25
1102 0.3 0 0.5 0.2
1103 0.3 0 0.55 0.15
1104 0.3 0 0.6 0.1
1105 0.3 0 0.65 0.05
1106 0.3 0 0.7 0
1107 0.3 0.05 0 0.65
1108 0.3 0.05 0.05 0.6
1109 0.3 0.05 0.1 0.55
1110 0.3 0.05 0.15 0.5
1111 0.3 0.05 0.2 0.45
1112 0.3 0.05 0.25 0.4
1113 0.3 0.05 0.3 0.35
1114 0.3 0.05 0.35 0.3
1115 0.3 0.05 0.4 0.25
1116 0.3 0.05 0.45 0.2
1117 0.3 0.05 0.5 0.15
1118 0.3 0.05 0.55 0.1
1119 0.3 0.05 0.6 0.05
1120 0.3 0.05 0.65 0
1121 0.3 0.1 0 0.6
1122 0.3 0.1 0.05 0.55
1123 0.3 0.1 0.1 0.5
1124 0.3 0.1 0.15 0.45
1125 0.3 0.1 0.2 0.4
1126 0.3 0.1 0.25 0.35
1127 0.3 0.1 0.3 0.3
1128 0.3 0.1 0.35 0.25
1129 0.3 0.1 0.4 0.2
1130 0.3 0.1 0.45 0.15
1131 0.3 0.1 0.5 0.1
1132 0.3 0.1 0.55 0.05
1133 0.3 0.1 0.6 0
1134 0.3 0.15 0 0.55
1135 0.3 0.15 0.05 0.5
1136 0.3 0.15 0.1 0.45
1137 0.3 0.15 0.15 0.4
1138 0.3 0.15 0.2 0.35
1139 0.3 0.15 0.25 0.3
1140 0.3 0.15 0.3 0.25
1141 0.3 0.15 0.35 0.2
1142 0.3 0.15 0.4 0.15
1143 0.3 0.15 0.45 0.1
1144 0.3 0.15 0.5 0.05
1145 0.3 0.15 0.55 0
1146 0.3 0.2 0 0.5
1147 0.3 0.2 0.05 0.45
1148 0.3 0.2 0.1 0.4
1149 0.3 0.2 0.15 0.35
1150 0.3 0.2 0.2 0.3
1151 0.3 0.2 0.25 0.25
1152 0.3 0.2 0.3 0.2
1153 0.3 0.2 0.35 0.15
1154 0.3 0.2 0.4 0.1
1155 0.3 0.2 0.45 0.05
1156 0.3 0.2 0.5 0
1157 0.3 0.25 0 0.45
1158 0.3 0.25 0.05 0.4
1159 0.3 0.25 0.1 0.35
1160 0.3 0.25 0.15 0.3
1161 0.3 0.25 0.2 0.25
1162 0.3 0.25 0.25 0.2
1163 0.3 0.25 0.3 0.15
1164 0.3 0.25 0.35 0.1
1165 0.3 0.25 0.4 0.05
1166 0.3 0.25 0.45 0
1167 0.3 0.3 0 0.4
1168 0.3 0.3 0.05 0.35
1169 0.3 0.3 0.1 0.3
1170 0.3 0.3 0.15 0.25
1171 0.3 0.3 0.2 0.2
1172 0.3 0.3 0.25 0.15
1173 0.3 0.3 0.3 0.1
1174 0.3 0.3 0.35 0.05
1175 0.3 0.3 0.4 0
1176 0.3 0.35 0 0.35
1177 0.3 0.35 0.05 0.3
1178 0.3 0.35 0.1 0.25
1179 0.3 0.35 0.15 0.2
1180 0.3 0.35 0.2 0.15
1181 0.3 0.35 0.25 0.1
1182 0.3 0.35 0.3 0.05
1183 0.3 0.35 0.35 0
1184 0.3 0.4 0 0.3
1185 0.3 0.4 0.05 0.25
1186 0.3 0.4 0.1 0.2
1187 0.3 0.4 0.15 0.15
1188 0.3 0.4 0.2 0.1
1189 0.3 0.4 0.25 0.05
1190 0.3 0.4 0.3 0
1191 0.3 0.45 0 0.25
1192 0.3 0.45 0.05 0.2
1193 0.3 0.45 0.1 0.15
1194 0.3 0.45 0.15 0.1
1195 0.3 0.45 0.2 0.05
1196 0.3 0.45 0.25 0
1197 0.3 0.5 0 0.2
1198 0.3 0.5 0.05 0.15
1199 0.3 0.5 0.1 0.1
1200 0.3 0.5 0.15 0.05
1201 0.3 0.5 0.2 0
1202 0.3 0.55 0 0.15
1203 0.3 0.55 0.05 0.1
1204 0.3 0.55 0.1 0.05
1205 0.3 0.55 0.15 0
1206 0.3 0.6 0 0.1
1207 0.3 0.6 0.05 0.05
1208 0.3 0.6 0.1 0
1209 0.3 0.65 0 0.05
1210 0.3 0.65 0.05 0
1211 0.3 0.7 0 0
1212 0.35 0 0 0.65
1213 0.35 0 0.05 0.6
1214 0.35 0 0.1 0.55
1215 0.35 0 0.15 0.5
1216 0.35 0 0.2 0.45
1217 0.35 0 0.25 0.4
1218 0.35 0 0.3 0.35
1219 0.35 0 0.35 0.3
1220 0.35 0 0.4 0.25
1221 0.35 0 0.45 0.2
1222 0.35 0 0.5 0.15
1223 0.35 0 0.55 0.1
1224 0.35 0 0.6 0.05
1225 0.35 0 0.65 0
1226 0.35 0.05 0 0.6
1227 0.35 0.05 0.05 0.55
1228 0.35 0.05 0.1 0.5
1229 0.35 0.05 0.15 0.45
1230 0.35 0.05 0.2 0.4
1231 0.35 0.05 0.25 0.35
1232 0.35 0.05 0.3 0.3
1233 0.35 0.05 0.35 0.25
1234 0.35 0.05 0.4 0.2
1235 0.35 0.05 0.45 0.15
1236 0.35 0.05 0.5 0.1
1237 0.35 0.05 0.55 0.05
1238 0.35 0.05 0.6 0
1239 0.35 0.1 0 0.55
1240 0.35 0.1 0.05 0.5
1241 0.35 0.1 0.1 0.45
1242 0.35 0.1 0.15 0.4
1243 0.35 0.1 0.2 0.35
1244 0.35 0.1 0.25 0.3
1245 0.35 0.1 0.3 0.25
1246 0.35 0.1 0.35 0.2
1247 0.35 0.1 0.4 0.15
1248 0.35 0.1 0.45 0.1
1249 0.35 0.1 0.5 0.05
1250 0.35 0.1 0.55 0
1251 0.35 0.15 0 0.5
1252 0.35 0.15 0.05 0.45
1253 0.35 0.15 0.1 0.4
1254 0.35 0.15 0.15 0.35
1255 0.35 0.15 0.2 0.3
1256 0.35 0.15 0.25 0.25
1257 0.35 0.15 0.3 0.2
1258 0.35 0.15 0.35 0.15
1259 0.35 0.15 0.4 0.1
1260 0.35 0.15 0.45 0.05
1261 0.35 0.15 0.5 0
1262 0.35 0.2 0 0.45
1263 0.35 0.2 0.05 0.4
1264 0.35 0.2 0.1 0.35
1265 0.35 0.2 0.15 0.3
1266 0.35 0.2 0.2 0.25
1267 0.35 0.2 0.25 0.2
1268 0.35 0.2 0.3 0.15
1269 0.35 0.2 0.35 0.1
1270 0.35 0.2 0.4 0.05
1271 0.35 0.2 0.45 0
1272 0.35 0.25 0 0.4
1273 0.35 0.25 0.05 0.35
1274 0.35 0.25 0.1 0.3
1275 0.35 0.25 0.15 0.25
1276 0.35 0.25 0.2 0.2
1277 0.35 0.25 0.25 0.15
1278 0.35 0.25 0.3 0.1
1279 0.35 0.25 0.35 0.05
1280 0.35 0.25 0.4 0
1281 0.35 0.3 0 0.35
1282 0.35 0.3 0.05 0.3
1283 0.35 0.3 0.1 0.25
1284 0.35 0.3 0.15 0.2
1285 0.35 0.3 0.2 0.15
1286 0.35 0.3 0.25 0.1
1287 0.35 0.3 0.3 0.05
1288 0.35 0.3 0.35 0
1289 0.35 0.35 0 0.3
1290 0.35 0.35 0.05 0.25
1291 0.35 0.35 0.1 0.2
1292 0.35 0.35 0.15 0.15
1293 0.35 0.35 0.2 0.1
1294 0.35 0.35 0.25 0.05
1295 0.35 0.35 0.3 0
1296 0.35 0.4 0 0.25
1297 0.35 0.4 0.05 0.2
1298 0.35 0.4 0.1 0.15
1299 0.35 0.4 0.15 0.1
1300 0.35 0.4 0.2 0.05
1301 0.35 0.4 0.25 0
1302 0.35 0.45 0 0.2
1303 0.35 0.45 0.05 0.15
1304 0.35 0.45 0.1 0.1
1305 0.35 0.45 0.15 0.05
1306 0.35 0.45 0.2 0
1307 0.35 0.5 0 0.15
1308 0.35 0.5 0.05 0.1
1309 0.35 0.5 0.1 0.05
1310 0.35 0.5 0.15 0
1311 0.35 0.55 0 0.1
1312 0.35 0.55 0.05 0.05
1313 0.35 0.55 0.1 0
1314 0.35 0.6 0 0.05
1315 0.35 0.6 0.05 0
1316 0.35 0.65 0 0
1317 0.4 0 0 0.6
1318 0.4 0 0.05 0.55
1319 0.4 0 0.1 0.5
1320 0.4 0 0.15 0.45
1321 0.4 0 0.2 0.4
1322 0.4 0 0.25 0.35
1323 0.4 0 0.3 0.3
1324 0.4 0 0.35 0.25
1325 0.4 0 0.4 0.2
1326 0.4 0 0.45 0.15
1327 0.4 0 0.5 0.1
1328 0.4 0 0.55 0.05
1329 0.4 0 0.6 0
1330 0.4 0.05 0 0.55
1331 0.4 0.05 0.05 0.5
1332 0.4 0.05 0.1 0.45
1333 0.4 0.05 0.15 0.4
1334 0.4 0.05 0.2 0.35
1335 0.4 0.05 0.25 0.3
1336 0.4 0.05 0.3 0.25
1337 0.4 0.05 0.35 0.2
1338 0.4 0.05 0.4 0.15
1339 0.4 0.05 0.45 0.1
1340 0.4 0.05 0.5 0.05
1341 0.4 0.05 0.55 0
1342 0.4 0.1 0 0.5
1343 0.4 0.1 0.05 0.45
1344 0.4 0.1 0.1 0.4
1345 0.4 0.1 0.15 0.35
1346 0.4 0.1 0.2 0.3
1347 0.4 0.1 0.25 0.25
1348 0.4 0.1 0.3 0.2
1349 0.4 0.1 0.35 0.15
1350 0.4 0.1 0.4 0.1
1351 0.4 0.1 0.45 0.05
1352 0.4 0.1 0.5 0
1353 0.4 0.15 0 0.45
1354 0.4 0.15 0.05 0.4
1355 0.4 0.15 0.1 0.35
1356 0.4 0.15 0.15 0.3
1357 0.4 0.15 0.2 0.25
1358 0.4 0.15 0.25 0.2
1359 0.4 0.15 0.3 0.15
1360 0.4 0.15 0.35 0.1
1361 0.4 0.15 0.4 0.05
1362 0.4 0.15 0.45 0
1363 0.4 0.2 0 0.4
1364 0.4 0.2 0.05 0.35
1365 0.4 0.2 0.1 0.3
1366 0.4 0.2 0.15 0.25
1367 0.4 0.2 0.2 0.2
1368 0.4 0.2 0.25 0.15
1369 0.4 0.2 0.3 0.1
1370 0.4 0.2 0.35 0.05
1371 0.4 0.2 0.4 0
1372 0.4 0.25 0 0.35
1373 0.4 0.25 0.05 0.3
1374 0.4 0.25 0.1 0.25
1375 0.4 0.25 0.15 0.2
1376 0.4 0.25 0.2 0.15
1377 0.4 0.25 0.25 0.1
1378 0.4 0.25 0.3 0.05
1379 0.4 0.25 0.35 0
1380 0.4 0.3 0 0.3
1381 0.4 0.3 0.05 0.25
1382 0.4 0.3 0.1 0.2
1383 0.4 0.3 0.15 0.15
1384 0.4 0.3 0.2 0.1
1385 0.4 0.3 0.25 0.05
1386 0.4 0.3 0.3 0
1387 0.4 0.35 0 0.25
1388 0.4 0.35 0.05 0.2
1389 0.4 0.35 0.1 0.15
1390 0.4 0.35 0.15 0.1
1391 0.4 0.35 0.2 0.05
1392 0.4 0.35 0.25 0
1393 0.4 0.4 0 0.2
1394 0.4 0.4 0.05 0.15
1395 0.4 0.4 0.1 0.1
1396 0.4 0.4 0.15 0.05
1397 0.4 0.4 0.2 0
1398 0.4 0.45 0 0.15
1399 0.4 0.45 0.05 0.1
1400 0.4 0.45 0.1 0.05
1401 0.4 0.45 0.15 0
1402 0.4 0.5 0 0.1
1403 0.4 0.5 0.05 0.05
1404 0.4 0.5 0.1 0
1405 0.4 0.55 0 0.05
1406 0.4 0.55 0.05 0
1407 0.4 0.6 0 0
1408 0.45 0 0 0.55
1409 0.45 0 0.05 0.5
1410 0.45 0 0.1 0.45
1411 0.45 0 0.15 0.4
1412 0.45 0 0.2 0.35
1413 0.45 0 0.25 0.3
1414 0.45 0 0.3 0.25
1415 0.45 0 0.35 0.2
1416 0.45 0 0.4 0.15
1417 0.45 0 0.45 0.1
1418 0.45 0 0.5 0.05
1419 0.45 0 0.55 0
1420 0.45 0.05 0 0.5
1421 0.45 0.05 0.05 0.45
1422 0.45 0.05 0.1 0.4
1423 0.45 0.05 0.15 0.35
1424 0.45 0.05 0.2 0.3
1425 0.45 0.05 0.25 0.25
1426 0.45 0.05 0.3 0.2
1427 0.45 0.05 0.35 0.15
1428 0.45 0.05 0.4 0.1
1429 0.45 0.05 0.45 0.05
1430 0.45 0.05 0.5 0
1431 0.45 0.1 0 0.45
1432 0.45 0.1 0.05 0.4
1433 0.45 0.1 0.1 0.35
1434 0.45 0.1 0.15 0.3
1435 0.45 0.1 0.2 0.25
1436 0.45 0.1 0.25 0.2
1437 0.45 0.1 0.3 0.15
1438 0.45 0.1 0.35 0.1
1439 0.45 0.1 0.4 0.05
1440 0.45 0.1 0.45 0
1441 0.45 0.15 0 0.4
1442 0.45 0.15 0.05 0.35
1443 0.45 0.15 0.1 0.3
1444 0.45 0.15 0.15 0.25
1445 0.45 0.15 0.2 0.2
1446 0.45 0.15 0.25 0.15
1447 0.45 0.15 0.3 0.1
1448 0.45 0.15 0.35 0.05
1449 0.45 0.15 0.4 0
1450 0.45 0.2 0 0.35
1451 0.45 0.2 0.05 0.3
1452 0.45 0.2 0.1 0.25
1453 0.45 0.2 0.15 0.2
1454 0.45 0.2 0.2 0.15
1455 0.45 0.2 0.25 0.1
1456 0.45 0.2 0.3 0.05
1457 0.45 0.2 0.35 0
1458 0.45 0.25 0 0.3
1459 0.45 0.25 0.05 0.25
1460 0.45 0.25 0.1 0.2
1461 0.45 0.25 0.15 0.15
1462 0.45 0.25 0.2 0.1
1463 0.45 0.25 0.25 0.05
1464 0.45 0.25 0.3 0
1465 0.45 0.3 0 0.25
1466 0.45 0.3 0.05 0.2
1467 0.45 0.3 0.1 0.15
1468 0.45 0.3 0.15 0.1
1469 0.45 0.3 0.2 0.05
1470 0.45 0.3 0.25 0
1471 0.45 0.35 0 0.2
1472 0.45 0.35 0.05 0.15
1473 0.45 0.35 0.1 0.1
1474 0.45 0.35 0.15 0.05
1475 0.45 0.35 0.2 0
1476 0.45 0.4 0 0.15
1477 0.45 0.4 0.05 0.1
1478 0.45 0.4 0.1 0.05
1479 0.45 0.4 0.15 0
1480 0.45 0.45 0 0.1
1481 0.45 0.45 0.05 0.05
1482 0.45 0.45 0.1 0
1483 0.45 0.5 0 0.05
1484 0.45 0.5 0.05 0
1485 0.45 0.55 0 0
1486 0.5 0 0 0.5
1487 0.5 0 0.05 0.45
1488 0.5 0 0.1 0.4
1489 0.5 0 0.15 0.35
1490 0.5 0 0.2 0.3
1491 0.5 0 0.25 0.25
1492 0.5 0 0.3 0.2
1493 0.5 0 0.35 0.15
1494 0.5 0 0.4 0.1
1495 0.5 0 0.45 0.05
1496 0.5 0 0.5 0
1497 0.5 0.05 0 0.45
1498 0.5 0.05 0.05 0.4
1499 0.5 0.05 0.1 0.35
1500 0.5 0.05 0.15 0.3
1501 0.5 0.05 0.2 0.25
1502 0.5 0.05 0.25 0.2
1503 0.5 0.05 0.3 0.15
1504 0.5 0.05 0.35 0.1
1505 0.5 0.05 0.4 0.05
1506 0.5 0.05 0.45 0
1507 0.5 0.1 0 0.4
1508 0.5 0.1 0.05 0.35
1509 0.5 0.1 0.1 0.3
1510 0.5 0.1 0.15 0.25
1511 0.5 0.1 0.2 0.2
1512 0.5 0.1 0.25 0.15
1513 0.5 0.1 0.3 0.1
1514 0.5 0.1 0.35 0.05
1515 0.5 0.1 0.4 0
1516 0.5 0.15 0 0.35
1517 0.5 0.15 0.05 0.3
1518 0.5 0.15 0.1 0.25
1519 0.5 0.15 0.15 0.2
1520 0.5 0.15 0.2 0.15
1521 0.5 0.15 0.25 0.1
1522 0.5 0.15 0.3 0.05
1523 0.5 0.15 0.35 0
1524 0.5 0.2 0 0.3
1525 0.5 0.2 0.05 0.25
1526 0.5 0.2 0.1 0.2
1527 0.5 0.2 0.15 0.15
1528 0.5 0.2 0.2 0.1
1529 0.5 0.2 0.25 0.05
1530 0.5 0.2 0.3 0
1531 0.5 0.25 0 0.25
1532 0.5 0.25 0.05 0.2
1533 0.5 0.25 0.1 0.15
1534 0.5 0.25 0.15 0.1
1535 0.5 0.25 0.2 0.05
1536 0.5 0.25 0.25 0
1537 0.5 0.3 0 0.2
1538 0.5 0.3 0.05 0.15
1539 0.5 0.3 0.1 0.1
1540 0.5 0.3 0.15 0.05
1541 0.5 0.3 0.2 0
1542 0.5 0.35 0 0.15
1543 0.5 0.35 0.05 0.1
1544 0.5 0.35 0.1 0.05
1545 0.5 0.35 0.15 0
1546 0.5 0.4 0 0.1
1547 0.5 0.4 0.05 0.05
1548 0.5 0.4 0.1 0
1549 0.5 0.45 0 0.05
1550 0.5 0.45 0.05 0
1551 0.5 0.5 0 0
1552 0.55 0 0 0.45
1553 0.55 0 0.05 0.4
1554 0.55 0 0.1 0.35
1555 0.55 0 0.15 0.3
1556 0.55 0 0.2 0.25
1557 0.55 0 0.25 0.2
1558 0.55 0 0.3 0.15
1559 0.55 0 0.35 0.1
1560 0.55 0 0.4 0.05
1561 0.55 0 0.45 0
1562 0.55 0.05 0 0.4
1563 0.55 0.05 0.05 0.35
1564 0.55 0.05 0.1 0.3
1565 0.55 0.05 0.15 0.25
1566 0.55 0.05 0.2 0.2
1567 0.55 0.05 0.25 0.15
1568 0.55 0.05 0.3 0.1
1569 0.55 0.05 0.35 0.05
1570 0.55 0.05 0.4 0
1571 0.55 0.1 0 0.35
1572 0.55 0.1 0.05 0.3
1573 0.55 0.1 0.1 0.25
1574 0.55 0.1 0.15 0.2
1575 0.55 0.1 0.2 0.15
1576 0.55 0.1 0.25 0.1
1577 0.55 0.1 0.3 0.05
1578 0.55 0.1 0.35 0
1579 0.55 0.15 0 0.3
1580 0.55 0.15 0.05 0.25
1581 0.55 0.15 0.1 0.2
1582 0.55 0.15 0.15 0.15
1583 0.55 0.15 0.2 0.1
1584 0.55 0.15 0.25 0.05
1585 0.55 0.15 0.3 0
1586 0.55 0.2 0 0.25
1587 0.55 0.2 0.05 0.2
1588 0.55 0.2 0.1 0.15
1589 0.55 0.2 0.15 0.1
1590 0.55 0.2 0.2 0.05
1591 0.55 0.2 0.25 0
1592 0.55 0.25 0 0.2
1593 0.55 0.25 0.05 0.15
1594 0.55 0.25 0.1 0.1
1595 0.55 0.25 0.15 0.05
1596 0.55 0.25 0.2 0
1597 0.55 0.3 0 0.15
1598 0.55 0.3 0.05 0.1
1599 0.55 0.3 0.1 0.05
1600 0.55 0.3 0.15 0
1601 0.55 0.35 0 0.1
1602 0.55 0.35 0.05 0.05
1603 0.55 0.35 0.1 0
1604 0.55 0.4 0 0.05
1605 0.55 0.4 0.05 0
1606 0.55 0.45 0 0
1607 0.6 0 0 0.4
1608 0.6 0 0.05 0.35
1609 0.6 0 0.1 0.3
1610 0.6 0 0.15 0.25
1611 0.6 0 0.2 0.2
1612 0.6 0 0.25 0.15
1613 0.6 0 0.3 0.1
1614 0.6 0 0.35 0.05
1615 0.6 0 0.4 0
1616 0.6 0.05 0 0.35
1617 0.6 0.05 0.05 0.3
1618 0.6 0.05 0.1 0.25
1619 0.6 0.05 0.15 0.2
1620 0.6 0.05 0.2 0.15
1621 0.6 0.05 0.25 0.1
1622 0.6 0.05 0.3 0.05
1623 0.6 0.05 0.35 0
1624 0.6 0.1 0 0.3
1625 0.6 0.1 0.05 0.25
1626 0.6 0.1 0.1 0.2
1627 0.6 0.1 0.15 0.15
1628 0.6 0.1 0.2 0.1
1629 0.6 0.1 0.25 0.05
1630 0.6 0.1 0.3 0
1631 0.6 0.15 0 0.25
1632 0.6 0.15 0.05 0.2
1633 0.6 0.15 0.1 0.15
1634 0.6 0.15 0.15 0.1
1635 0.6 0.15 0.2 0.05
1636 0.6 0.15 0.25 0
1637 0.6 0.2 0 0.2
1638 0.6 0.2 0.05 0.15
1639 0.6 0.2 0.1 0.1
1640 0.6 0.2 0.15 0.05
1641 0.6 0.2 0.2 0
1642 0.6 0.25 0 0.15
1643 0.6 0.25 0.05 0.1
1644 0.6 0.25 0.1 0.05
1645 0.6 0.25 0.15 0
1646 0.6 0.3 0 0.1
1647 0.6 0.3 0.05 0.05
1648 0.6 0.3 0.1 0
1649 0.6 0.35 0 0.05
1650 0.6 0.35 0.05 0
1651 0.6 0.4 0 0
1652 0.65 0 0 0.35
1653 0.65 0 0.05 0.3
1654 0.65 0 0.1 0.25
1655 0.65 0 0.15 0.2
1656 0.65 0 0.2 0.15
1657 0.65 0 0.25 0.1
1658 0.65 0 0.3 0.05
1659 0.65 0 0.35 0
1660 0.65 0.05 0 0.3
1661 0.65 0.05 0.05 0.25
1662 0.65 0.05 0.1 0.2
1663 0.65 0.05 0.15 0.15
1664 0.65 0.05 0.2 0.1
1665 0.65 0.05 0.25 0.05
1666 0.65 0.05 0.3 0
1667 0.65 0.1 0 0.25
1668 0.65 0.1 0.05 0.2
1669 0.65 0.1 0.1 0.15
1670 0.65 0.1 0.15 0.1
1671 0.65 0.1 0.2 0.05
1672 0.65 0.1 0.25 0
1673 0.65 0.15 0 0.2
1674 0.65 0.15 0.05 0.15
1675 0.65 0.15 0.1 0.1
1676 0.65 0.15 0.15 0.05
1677 0.65 0.15 0.2 0
1678 0.65 0.2 0 0.15
1679 0.65 0.2 0.05 0.1
1680 0.65 0.2 0.1 0.05
1681 0.65 0.2 0.15 0
1682 0.65 0.25 0 0.1
1683 0.65 0.25 0.05 0.05
1684 0.65 0.25 0.1 0
1685 0.65 0.3 0 0.05
1686 0.65 0.3 0.05 0
1687 0.65 0.35 0 0
1688 0.7 0 0 0.3
1689 0.7 0 0.05 0.25
1690 0.7 0 0.1 0.2
1691 0.7 0 0.15 0.15
1692 0.7 0 0.2 0.1
1693 0.7 0 0.25 0.05
1694 0.7 0 0.3 0
1695 0.7 0.05 0 0.25
1696 0.7 0.05 0.05 0.2
1697 0.7 0.05 0.1 0.15
1698 0.7 0.05 0.15 0.1
1699 0.7 0.05 0.2 0.05
1700 0.7 0.05 0.25 0
1701 0.7 0.1 0 0.2
1702 0.7 0.1 0.05 0.15
1703 0.7 0.1 0.1 0.1
1704 0.7 0.1 0.15 0.05
1705 0.7 0.1 0.2 0
1706 0.7 0.15 0 0.15
1707 0.7 0.15 0.05 0.1
1708 0.7 0.15 0.1 0.05
1709 0.7 0.15 0.15 0
1710 0.7 0.2 0 0.1
1711 0.7 0.2 0.05 0.05
1712 0.7 0.2 0.1 0
1713 0.7 0.25 0 0.05
1714 0.7 0.25 0.05 0
1715 0.7 0.3 0 0
1716 0.75 0 0 0.25
1717 0.75 0 0.05 0.2
1718 0.75 0 0.1 0.15
1719 0.75 0 0.15 0.1
1720 0.75 0 0.2 0.05
1721 0.75 0 0.25 0
1722 0.75 0.05 0 0.2
1723 0.75 0.05 0.05 0.15
1724 0.75 0.05 0.1 0.1
1725 0.75 0.05 0.15 0.05
1726 0.75 0.05 0.2 0
1727 0.75 0.1 0 0.15
1728 0.75 0.1 0.05 0.1
1729 0.75 0.1 0.1 0.05
1730 0.75 0.1 0.15 0
1731 0.75 0.15 0 0.1
1732 0.75 0.15 0.05 0.05
1733 0.75 0.15 0.1 0
1734 0.75 0.2 0 0.05
1735 0.75 0.2 0.05 0
1736 0.75 0.25 0 0
1737 0.8 0 0 0.2
1738 0.8 0 0.05 0.15
1739 0.8 0 0.1 0.1
1740 0.8 0 0.15 0.05
1741 0.8 0 0.2 0
1742 0.8 0.05 0 0.15
1743 0.8 0.05 0.05 0.1
1744 0.8 0.05 0.1 0.05
1745 0.8 0.05 0.15 0
1746 0.8 0.1 0 0.1
1747 0.8 0.1 0.05 0.05
1748 0.8 0.1 0.1 0
1749 0.8 0.15 0 0.05
1750 0.8 0.15 0.05 0
1751 0.8 0.2 0 0
1752 0.85 0 0 0.15
1753 0.85 0 0.05 0.1
1754 0.85 0 0.1 0.05
1755 0.85 0 0.15 0
1756 0.85 0.05 0 0.1
1757 0.85 0.05 0.05 0.05
1758 0.85 0.05 0.1 0
1759 0.85 0.1 0 0.05
1760 0.85 0.1 0.05 0
1761 0.85 0.15 0 0
1762 0.9 0 0 0.1
1763 0.9 0 0.05 0.05
1764 0.9 0 0.1 0
1765 0.9 0.05 0 0.05
1766 0.9 0.05 0.05 0
1767 0.9 0.1 0 0
1768 0.95 0 0 0.05
1769 0.95 0 0.05 0
1770 0.95 0.05 0 0
1771 1 0 0 0
